fecha	objective	metric	first_metric_only	boost_from_average	feature_pre_filter	verbosity	seed	max_depth	min_gain_to_split	lambda_l1	lambda_l2	max_bin	num_iterations	force_row_wise	learning_rate	feature_fraction	min_data_in_leaf	num_leaves	prob_corte	ganancia	iteracion
20220425 132248	binary	custom	TRUE	TRUE	FALSE	-100	999983	-1	0	0	0	31	39	TRUE	0.149270350914565	0.564846783019602	1790	554	0.0314332307083532	11017000	1
20220425 132312	binary	custom	TRUE	TRUE	FALSE	-100	999983	-1	0	0	0	31	109	TRUE	0.0483134712397587	0.649928708318621	2244	681	0.0210548950970406	13049000	2
20220425 132349	binary	custom	TRUE	TRUE	FALSE	-100	999983	-1	0	0	0	31	51	TRUE	0.0776458654238377	0.408918152498081	658	138	0.0178704912124279	12034000	3
20220425 132604	binary	custom	TRUE	TRUE	FALSE	-100	999983	-1	0	0	0	31	30	TRUE	0.169664147019503	0.481609219573438	1774	520	0.0408006420029172	9042000	4
20220425 132817	binary	custom	TRUE	TRUE	FALSE	-100	999983	-1	0	0	0	31	51	TRUE	0.150249879573938	0.742848681984469	5892	209	0.0310259637961281	11853000	5
20220425 132833	binary	custom	TRUE	TRUE	FALSE	-100	999983	-1	0	0	0	31	46	TRUE	0.112278850419563	0.512893431913108	4609	462	0.0149802663766119	13143000	6
20220425 132846	binary	custom	TRUE	TRUE	FALSE	-100	999983	-1	0	0	0	31	34	TRUE	0.189094990562531	0.293768114252016	1507	629	0.0318247425302009	10825000	7
20220425 132905	binary	custom	TRUE	TRUE	FALSE	-100	999983	-1	0	0	0	31	90	TRUE	0.0742824002219131	0.32218365278095	6405	316	0.0254320719327855	12294000	8
20220425 133032	binary	custom	TRUE	TRUE	FALSE	-100	999983	-1	0	0	0	31	527	TRUE	0.0155447965902276	0.710493802865967	3176	386	0.0208577673974408	13346000	9
20220425 133045	binary	custom	TRUE	TRUE	FALSE	-100	999983	-1	0	0	0	31	64	TRUE	0.0885516423082445	0.676193727804348	5136	771	0.0430499811385137	9264000	10
20220425 133056	binary	custom	TRUE	TRUE	FALSE	-100	999983	-1	0	0	0	31	34	TRUE	0.241014542790712	0.452610790217295	4293	142	0.0207585057646308	12867000	11
20220425 133107	binary	custom	TRUE	TRUE	FALSE	-100	999983	-1	0	0	0	31	36	TRUE	0.203357198518701	0.619741822760552	3739	588	0.0352039933893442	11298000	12
20220425 133120	binary	custom	TRUE	TRUE	FALSE	-100	999983	-1	0	0	0	31	24	TRUE	0.16717605051212	0.399337805202231	2058	934	0.0485642889567923	7629000	13
20220425 133131	binary	custom	TRUE	TRUE	FALSE	-100	999983	-1	0	0	0	31	32	TRUE	0.281970498388866	0.983656130116433	1723	880	0.0281110565677712	10516000	14
20220425 133234	binary	custom	TRUE	TRUE	FALSE	-100	999983	-1	0	0	0	31	109	TRUE	0.0320578058387619	0.955026392806321	561	500	0.0138746831313862	12956000	15
20220425 133257	binary	custom	TRUE	TRUE	FALSE	-100	999983	-1	0	0	0	31	60	TRUE	0.134702783242683	0.41390350417234	7439	686	0.0371908919512255	10382000	16
20220425 133354	binary	custom	TRUE	TRUE	FALSE	-100	999983	-1	0	0	0	31	30	TRUE	0.109306788909249	0.559239233648404	173	826	0.0100376893649809	11259000	17
20220425 133406	binary	custom	TRUE	TRUE	FALSE	-100	999983	-1	0	0	0	31	39	TRUE	0.270705026671174	0.804656797703356	7793	793	0.0473386753175873	7621000	18
20220425 133418	binary	custom	TRUE	TRUE	FALSE	-100	999983	-1	0	0	0	31	26	TRUE	0.24703082818503	0.596402097418904	1169	65	0.0376797932816165	8822000	19
20220425 133449	binary	custom	TRUE	TRUE	FALSE	-100	999983	-1	0	0	0	31	171	TRUE	0.0524556646180572	0.244582766303793	2550	521	0.0229591484244641	12840000	20
20220425 133457	binary	custom	TRUE	TRUE	FALSE	-100	999983	-1	0	0	0	31	29	TRUE	0.170570562972338	0.865019503096119	6105	96	0.0168622610440555	12837000	21
20220425 133504	binary	custom	TRUE	TRUE	FALSE	-100	999983	-1	0	0	0	31	24	TRUE	0.219269871444558	0.788481236957014	5554	986	0.0116065772885728	12104000	22
20220425 133513	binary	custom	TRUE	TRUE	FALSE	-100	999983	-1	0	0	0	31	26	TRUE	0.289065353922429	0.202726986752823	6865	253	0.0416604536105297	9272000	23
20220425 133531	binary	custom	TRUE	TRUE	FALSE	-100	999983	-1	0	0	0	31	100	TRUE	0.0671273101527477	0.901459988476708	3328	324	0.044395053217401	8324000	24
20220425 133543	binary	custom	TRUE	TRUE	FALSE	-100	999983	-1	0	0	0	31	53	TRUE	0.112628985383948	0.890357738317264	4019	502	0.0189975787089916	12794000	25
20220425 133716	binary	custom	TRUE	TRUE	FALSE	-100	999983	-1	0	0	0	31	555	TRUE	0.0105484135100029	0.620910633446026	2752	238	0.0151970587481071	13726000	26
20220425 133834	binary	custom	TRUE	TRUE	FALSE	-100	999983	-1	0	0	0	31	416	TRUE	0.0101547405213057	0.777469625781918	3353	249	0.0118833030633672	13125000	27
20220425 134045	binary	custom	TRUE	TRUE	FALSE	-100	999983	-1	0	0	0	31	589	TRUE	0.0100408218475965	0.44245742922613	2001	288	0.0167907400302473	13665000	28
20220425 134231	binary	custom	TRUE	TRUE	FALSE	-100	999983	-1	0	0	0	31	495	TRUE	0.0105019474558327	0.571336946491576	2695	95	0.0169530397517611	13930000	29
20220425 134330	binary	custom	TRUE	TRUE	FALSE	-100	999983	-1	0	0	0	31	385	TRUE	0.0103081575777856	0.675767443378265	918	27	0.0158688146027602	13214000	30
20220425 134525	binary	custom	TRUE	TRUE	FALSE	-100	999983	-1	0	0	0	31	705	TRUE	0.0100993430417431	0.318596403207662	3703	99	0.0172531538514233	13706000	31
20220425 134735	binary	custom	TRUE	TRUE	FALSE	-100	999983	-1	0	0	0	31	529	TRUE	0.0100305094812224	0.56424448932606	2955	145	0.0179347314585593	13764000	32
20220425 134801	binary	custom	TRUE	TRUE	FALSE	-100	999983	-1	0	0	0	31	93	TRUE	0.0557861607139651	0.428409897312297	2816	53	0.0159470335664816	13553000	33
20220425 134915	binary	custom	TRUE	TRUE	FALSE	-100	999983	-1	0	0	0	31	432	TRUE	0.0100199018270849	0.63129344862079	4012	68	0.0167898987383343	13555000	34
20220425 135121	binary	custom	TRUE	TRUE	FALSE	-100	999983	-1	0	0	0	31	1003	TRUE	0.0100129345505603	0.202655087112905	5961	676	0.0159867735435893	13307000	35
20220425 135302	binary	custom	TRUE	TRUE	FALSE	-100	999983	-1	0	0	0	31	517	TRUE	0.0101183394801504	0.603821428716604	2687	531	0.0162413790366517	13946000	36
20220425 135426	binary	custom	TRUE	TRUE	FALSE	-100	999983	-1	0	0	0	31	495	TRUE	0.0100311394009431	0.796141542811298	2445	475	0.0167537190308913	13606000	37
20220425 135720	binary	custom	TRUE	TRUE	FALSE	-100	999983	-1	0	0	0	31	926	TRUE	0.0100162591985965	0.385966888192767	3433	630	0.016548238503018	13646000	38
20220425 135811	binary	custom	TRUE	TRUE	FALSE	-100	999983	-1	0	0	0	31	57	TRUE	0.0101072542553463	0.26779840200468	6450	81	0.00842619410646331	11250000	39
20220425 135946	binary	custom	TRUE	TRUE	FALSE	-100	999983	-1	0	0	0	31	984	TRUE	0.0103096670827212	0.69020148231734	6120	599	0.0144679653200922	13333000	40
20220425 140001	binary	custom	TRUE	TRUE	FALSE	-100	999983	-1	0	0	0	31	17	TRUE	0.299983190780325	0.565620393162733	7974	596	0.0167518876444081	12675000	41
20220425 140225	binary	custom	TRUE	TRUE	FALSE	-100	999983	-1	0	0	0	31	710	TRUE	0.0101597821295341	0.533313985563167	3571	545	0.0138040624370385	13424000	42
20220425 140359	binary	custom	TRUE	TRUE	FALSE	-100	999983	-1	0	0	0	31	396	TRUE	0.0102964438597092	0.518989298494749	5714	575	0.0205093673863491	13127000	43
20220425 140518	binary	custom	TRUE	TRUE	FALSE	-100	999983	-1	0	0	0	31	395	TRUE	0.0110094452427755	0.640423726472808	2582	689	0.0160157778115907	13807000	44
20220425 140724	binary	custom	TRUE	TRUE	FALSE	-100	999983	-1	0	0	0	31	749	TRUE	0.0102874951249265	0.327531357490055	2687	74	0.0209617520824577	13363000	45
20220425 140833	binary	custom	TRUE	TRUE	FALSE	-100	999983	-1	0	0	0	31	479	TRUE	0.0134776389395813	0.613362311116228	7333	1022	0.0163499502574039	13435000	46
20220425 141009	binary	custom	TRUE	TRUE	FALSE	-100	999983	-1	0	0	0	31	541	TRUE	0.0114305692467325	0.609715222420286	2802	1011	0.0162285414564342	13866000	47
20220425 141146	binary	custom	TRUE	TRUE	FALSE	-100	999983	-1	0	0	0	31	486	TRUE	0.0100257282515915	0.599496866507188	3127	881	0.0163577104241985	13817000	48
20220425 141331	binary	custom	TRUE	TRUE	FALSE	-100	999983	-1	0	0	0	31	513	TRUE	0.0100311066836502	0.584075652255863	2781	1024	0.0196900711014659	13514000	49
20220425 141504	binary	custom	TRUE	TRUE	FALSE	-100	999983	-1	0	0	0	31	621	TRUE	0.010030282889803	0.609571245639237	4804	1024	0.0166264452322083	13620000	50
20220425 141632	binary	custom	TRUE	TRUE	FALSE	-100	999983	-1	0	0	0	31	437	TRUE	0.0142633447178237	0.28916740479671	2635	1011	0.0167110697163533	13524000	51
20220425 141720	binary	custom	TRUE	TRUE	FALSE	-100	999983	-1	0	0	0	31	300	TRUE	0.0210027617229133	0.248632833822011	7964	124	0.0169522134892748	13318000	52
20220425 141731	binary	custom	TRUE	TRUE	FALSE	-100	999983	-1	0	0	0	31	21	TRUE	0.173672642181884	0.602072930648161	2799	1022	0.0168296004560945	13154000	53
20220425 141755	binary	custom	TRUE	TRUE	FALSE	-100	999983	-1	0	0	0	31	125	TRUE	0.040662601761774	0.999889444221388	7996	484	0.0131708982812953	12647000	54
20220425 142016	binary	custom	TRUE	TRUE	FALSE	-100	999983	-1	0	0	0	31	312	TRUE	0.0100692419170713	0.63408801709175	485	1001	0.0169085442461294	12860000	55
20220425 142030	binary	custom	TRUE	TRUE	FALSE	-100	999983	-1	0	0	0	31	7	TRUE	0.298215220864277	0.610051597959074	2542	115	0.016559452161557	11728000	56
20220425 142040	binary	custom	TRUE	TRUE	FALSE	-100	999983	-1	0	0	0	31	30	TRUE	0.190569945425396	0.207064317315177	7981	98	0.0205721152256386	13253000	57
20220425 142052	binary	custom	TRUE	TRUE	FALSE	-100	999983	-1	0	0	0	31	50	TRUE	0.150091289475471	0.200795835787687	7213	382	0.0173872716242463	13130000	58
20220425 142101	binary	custom	TRUE	TRUE	FALSE	-100	999983	-1	0	0	0	31	40	TRUE	0.192741398247157	0.749673179293596	7992	129	0.0224648173467516	12463000	59
20220425 142216	binary	custom	TRUE	TRUE	FALSE	-100	999983	-1	0	0	0	31	494	TRUE	0.010002947723979	0.824865647210932	3086	1024	0.0155584640378397	13587000	60
20220425 142227	binary	custom	TRUE	TRUE	FALSE	-100	999983	-1	0	0	0	31	41	TRUE	0.204690836706311	0.202125051481296	7983	1024	0.020633136288005	12528000	61
20220425 142430	binary	custom	TRUE	TRUE	FALSE	-100	999983	-1	0	0	0	31	609	TRUE	0.0101448362770203	0.560971131928149	2709	567	0.0161065914337384	13965000	62
20220425 142634	binary	custom	TRUE	TRUE	FALSE	-100	999983	-1	0	0	0	31	490	TRUE	0.0103041822384947	0.533523094702111	2580	508	0.0158875902565857	13636000	63
20220425 142716	binary	custom	TRUE	TRUE	FALSE	-100	999983	-1	0	0	0	31	233	TRUE	0.0211229731531798	0.639314120684223	2892	593	0.0167411264651267	13465000	64
20220425 142832	binary	custom	TRUE	TRUE	FALSE	-100	999983	-1	0	0	0	31	414	TRUE	0.010050989731809	0.966797140412952	2737	228	0.0162010312391711	13261000	65
20220425 143008	binary	custom	TRUE	TRUE	FALSE	-100	999983	-1	0	0	0	31	587	TRUE	0.0104278370463844	0.569942876577599	7049	95	0.0161765657939783	13454000	66
20220425 143026	binary	custom	TRUE	TRUE	FALSE	-100	999983	-1	0	0	0	31	75	TRUE	0.0867886442978331	0.402007284785583	6328	1022	0.0155005174146782	13577000	67
20220425 143106	binary	custom	TRUE	TRUE	FALSE	-100	999983	-1	0	0	0	31	177	TRUE	0.0414015979069437	0.42635867602064	2846	35	0.0143383946074676	13194000	68
20220425 143224	binary	custom	TRUE	TRUE	FALSE	-100	999983	-1	0	0	0	31	488	TRUE	0.0102580476155927	0.822040960213073	2524	59	0.0210459162175011	13351000	69
20220425 143441	binary	custom	TRUE	TRUE	FALSE	-100	999983	-1	0	0	0	31	960	TRUE	0.0101017211441863	0.200885130764124	1828	141	0.01685734019989	13572000	70
20220425 143540	binary	custom	TRUE	TRUE	FALSE	-100	999983	-1	0	0	0	31	328	TRUE	0.0188346724167357	0.578750437586568	5469	716	0.0151697204857978	13554000	71
20220425 143705	binary	custom	TRUE	TRUE	FALSE	-100	999983	-1	0	0	0	31	407	TRUE	0.0100689376976316	0.814399312563194	2609	647	0.0143071521485359	13584000	72
20220425 143916	binary	custom	TRUE	TRUE	FALSE	-100	999983	-1	0	0	0	31	600	TRUE	0.0100611215581373	0.548991761818135	1953	59	0.0194023264669886	13642000	73
20220425 143932	binary	custom	TRUE	TRUE	FALSE	-100	999983	-1	0	0	0	31	73	TRUE	0.150888679171134	0.408264039641399	6745	55	0.0168401917200116	12973000	74
20220425 144054	binary	custom	TRUE	TRUE	FALSE	-100	999983	-1	0	0	0	31	356	TRUE	0.0103756524235503	0.55913780666865	7890	107	0.0193090104669512	13135000	75
20220425 144253	binary	custom	TRUE	TRUE	FALSE	-100	999983	-1	0	0	0	31	591	TRUE	0.0102842245406346	0.577996011928436	2893	1018	0.01544756126558	13758000	76
20220425 144453	binary	custom	TRUE	TRUE	FALSE	-100	999983	-1	0	0	0	31	424	TRUE	0.0100013876301364	0.391362767867492	1093	999	0.0210981705417204	12962000	77
20220425 144522	binary	custom	TRUE	TRUE	FALSE	-100	999983	-1	0	0	0	31	149	TRUE	0.0535286346162517	0.332352003770252	4116	1024	0.0161503688324244	13712000	78
20220425 144558	binary	custom	TRUE	TRUE	FALSE	-100	999983	-1	0	0	0	31	176	TRUE	0.0363548903578239	0.573732875082156	4662	1024	0.0146379667911611	13423000	79
20220425 144607	binary	custom	TRUE	TRUE	FALSE	-100	999983	-1	0	0	0	31	37	TRUE	0.180538350067583	0.774185789237225	5928	1023	0.0161305483738989	12731000	80
20220425 144739	binary	custom	TRUE	TRUE	FALSE	-100	999983	-1	0	0	0	31	477	TRUE	0.0128700735879873	0.586343510423286	2473	678	0.0237378246326334	12439000	81
20220425 144910	binary	custom	TRUE	TRUE	FALSE	-100	999983	-1	0	0	0	31	686	TRUE	0.012780455442611	0.202245052178493	4658	238	0.0197315858539041	13115000	82
20220425 144929	binary	custom	TRUE	TRUE	FALSE	-100	999983	-1	0	0	0	31	100	TRUE	0.0947578789689619	0.324981327437164	7999	720	0.0161624214361688	13260000	83
20220425 144939	binary	custom	TRUE	TRUE	FALSE	-100	999983	-1	0	0	0	31	26	TRUE	0.28331583306723	0.281431710927883	4952	1020	0.0160834401119011	12610000	84
20220425 145137	binary	custom	TRUE	TRUE	FALSE	-100	999983	-1	0	0	0	31	752	TRUE	0.0101486191444686	0.370629046707406	5951	1023	0.0184434467835953	13507000	85
20220425 145324	binary	custom	TRUE	TRUE	FALSE	-100	999983	-1	0	0	0	31	456	TRUE	0.0100573494703717	0.351296214921834	2099	132	0.0164598993035134	13889000	86
20220425 145517	binary	custom	TRUE	TRUE	FALSE	-100	999983	-1	0	0	0	31	614	TRUE	0.0104795565250338	0.38548279076866	2070	34	0.0173295638227762	13655000	87
20220425 145649	binary	custom	TRUE	TRUE	FALSE	-100	999983	-1	0	0	0	31	438	TRUE	0.0142239551461662	0.292504619882709	3182	278	0.016231900715155	13510000	88
20220425 145829	binary	custom	TRUE	TRUE	FALSE	-100	999983	-1	0	0	0	31	428	TRUE	0.0105117099449491	0.577804380312318	2394	157	0.0162341053856174	13628000	89
20220425 145922	binary	custom	TRUE	TRUE	FALSE	-100	999983	-1	0	0	0	31	71	TRUE	0.0178891716950957	0.755362566951855	49	189	0.0201914714574602	7171000	90
20220425 150024	binary	custom	TRUE	TRUE	FALSE	-100	999983	-1	0	0	0	31	55	TRUE	0.010025433690315	0.881350736319102	1164	930	0.00963707308549865	12375000	91
20220425 150141	binary	custom	TRUE	TRUE	FALSE	-100	999983	-1	0	0	0	31	421	TRUE	0.0158374409946579	0.563654985246866	3249	18	0.0208064037957089	13075000	92
20220425 150326	binary	custom	TRUE	TRUE	FALSE	-100	999983	-1	0	0	0	31	835	TRUE	0.0102463426667038	0.843064155209626	4212	555	0.02180214055393	12735000	93
20220425 150414	binary	custom	TRUE	TRUE	FALSE	-100	999983	-1	0	0	0	31	396	TRUE	0.0138108442186434	0.711186656216776	3283	18	0.0159695248420758	13594000	94
20220425 150514	binary	custom	TRUE	TRUE	FALSE	-100	999983	-1	0	0	0	31	222	TRUE	0.0272429586224742	0.5254615943057	2458	1019	0.021233119800662	13075000	95
20220425 150554	binary	custom	TRUE	TRUE	FALSE	-100	999983	-1	0	0	0	31	135	TRUE	0.0349886186219202	0.350135474183154	1008	945	0.0162416218538666	13415000	96
20220425 150636	binary	custom	TRUE	TRUE	FALSE	-100	999983	-1	0	0	0	31	148	TRUE	0.0346142199181911	0.424080071786677	2638	381	0.0193881585939822	13376000	97
20220425 150737	binary	custom	TRUE	TRUE	FALSE	-100	999983	-1	0	0	0	31	603	TRUE	0.015547099324728	0.783327547227906	5185	21	0.0193202589529245	13032000	98
20220425 150921	binary	custom	TRUE	TRUE	FALSE	-100	999983	-1	0	0	0	31	506	TRUE	0.0100097499603105	0.444382436051593	4656	59	0.0167149692821246	13651000	99
20220425 151030	binary	custom	TRUE	TRUE	FALSE	-100	999983	-1	0	0	0	31	423	TRUE	0.016347129055982	0.332398930299218	6397	1019	0.0166954565135735	13604000	100
20220425 151238	binary	custom	TRUE	TRUE	FALSE	-100	999983	-1	0	0	0	31	835	TRUE	0.0103899820531824	0.46893486560288	7843	667	0.0131468596413777	13245000	101
20220425 151326	binary	custom	TRUE	TRUE	FALSE	-100	999983	-1	0	0	0	31	173	TRUE	0.0330039739569966	0.611225953939049	1495	747	0.0152555378634513	13303000	102
20220425 151430	binary	custom	TRUE	TRUE	FALSE	-100	999983	-1	0	0	0	31	606	TRUE	0.0104988221444898	0.807284814207365	7920	64	0.0152307949182202	13108000	103
20220425 151546	binary	custom	TRUE	TRUE	FALSE	-100	999983	-1	0	0	0	31	530	TRUE	0.0110220475429128	0.619484629571938	4309	20	0.0134293415654828	13414000	104
20220425 151714	binary	custom	TRUE	TRUE	FALSE	-100	999983	-1	0	0	0	31	499	TRUE	0.0101665652389898	0.312765602444948	7092	271	0.021247673728647	12864000	105
20220425 151856	binary	custom	TRUE	TRUE	FALSE	-100	999983	-1	0	0	0	31	491	TRUE	0.0103809331025409	0.437959633606254	4402	964	0.0163217020203785	13708000	106
20220425 151907	binary	custom	TRUE	TRUE	FALSE	-100	999983	-1	0	0	0	31	22	TRUE	0.202984158843631	0.210109001531849	1893	849	0.0208204574917181	12003000	107
20220425 152038	binary	custom	TRUE	TRUE	FALSE	-100	999983	-1	0	0	0	31	448	TRUE	0.0106606014405011	0.587386047496659	3969	498	0.0159041536408761	13631000	108
20220425 152218	binary	custom	TRUE	TRUE	FALSE	-100	999983	-1	0	0	0	31	497	TRUE	0.0105193977476629	0.692107720669732	2515	920	0.0142723593086336	13671000	109
20220425 152257	binary	custom	TRUE	TRUE	FALSE	-100	999983	-1	0	0	0	31	230	TRUE	0.0318333779732254	0.315132324434643	1120	18	0.0173186170508193	13233000	110
20220425 152319	binary	custom	TRUE	TRUE	FALSE	-100	999983	-1	0	0	0	31	61	TRUE	0.0947606443508719	0.562767867080762	6022	1023	0.018789795242136	13363000	111
20220425 152340	binary	custom	TRUE	TRUE	FALSE	-100	999983	-1	0	0	0	31	89	TRUE	0.0712543777408066	0.338093418833066	5840	981	0.0132876214355937	13166000	112
20220425 152358	binary	custom	TRUE	TRUE	FALSE	-100	999983	-1	0	0	0	31	105	TRUE	0.14354242287039	0.2009691774928	5016	1023	0.0299950176591846	11938000	113
20220425 152412	binary	custom	TRUE	TRUE	FALSE	-100	999983	-1	0	0	0	31	25	TRUE	0.107383520239643	0.804016184667719	1756	90	0.0160673291381712	12997000	114
20220425 152623	binary	custom	TRUE	TRUE	FALSE	-100	999983	-1	0	0	0	31	602	TRUE	0.0101051794436993	0.336144656728197	1119	90	0.0132746362820911	13416000	115
20220425 152634	binary	custom	TRUE	TRUE	FALSE	-100	999983	-1	0	0	0	31	22	TRUE	0.299576151306194	0.44340011862471	7997	83	0.0122816784402282	12527000	116
20220425 152652	binary	custom	TRUE	TRUE	FALSE	-100	999983	-1	0	0	0	31	58	TRUE	0.0898857419720447	0.347444990861856	5101	139	0.0160732315571257	13078000	117
20220425 152707	binary	custom	TRUE	TRUE	FALSE	-100	999983	-1	0	0	0	31	22	TRUE	0.299409814188373	0.999378277451664	640	1024	0.0131208640627444	9813000	118
20220425 152723	binary	custom	TRUE	TRUE	FALSE	-100	999983	-1	0	0	0	31	48	TRUE	0.112434595199219	0.343854047233229	3818	872	0.0163003309478907	13227000	119
20220425 152732	binary	custom	TRUE	TRUE	FALSE	-100	999983	-1	0	0	0	31	28	TRUE	0.29975669969018	0.995563513099005	4978	394	0.027460829311076	12271000	120
20220425 152928	binary	custom	TRUE	TRUE	FALSE	-100	999983	-1	0	0	0	31	389	TRUE	0.0101111975250856	0.346181020890816	952	574	0.0160053509142989	13493000	121
20220425 152939	binary	custom	TRUE	TRUE	FALSE	-100	999983	-1	0	0	0	31	42	TRUE	0.299729809712124	0.203003285354946	7087	123	0.0196356393662987	13036000	122
20220425 152952	binary	custom	TRUE	TRUE	FALSE	-100	999983	-1	0	0	0	31	37	TRUE	0.196443927575978	0.337968445031883	4236	183	0.0150403618701013	12874000	123
20220425 153003	binary	custom	TRUE	TRUE	FALSE	-100	999983	-1	0	0	0	31	37	TRUE	0.279395262001437	0.200496809038709	7998	44	0.0276079660644391	11666000	124
