modelo	qsemillas	ganancia	gan_mean
modeloA	1	7516666.66666667	7516666.66666667
modeloA	2	7693333.33333333	7605000
modeloA	3	13393333.3333333	9534444.44444445
modeloA	4	9786666.66666667	9597500
modeloA	5	8976666.66666667	9473333.33333333
modeloA	6	11306666.6666667	9778888.88888889
modeloA	7	7976666.66666667	9521428.57142857
modeloA	8	8760000	9426250
modeloA	9	11656666.6666667	9674074.07407407
modeloA	10	7890000	9495666.66666667
modeloA	11	8523333.33333333	9407272.72727273
modeloA	12	9663333.33333333	9428611.11111111
modeloA	13	10250000	9491794.87179487
modeloA	14	7930000	9380238.0952381
modeloA	15	9056666.66666667	9358666.66666667
modeloA	16	9093333.33333333	9342083.33333333
modeloA	17	8593333.33333333	9298039.21568628
modeloA	18	12020000	9449259.25925926
modeloA	19	10473333.3333333	9503157.89473684
modeloA	20	9966666.66666667	9526333.33333333
modeloA	21	8403333.33333333	9472857.14285714
modeloA	22	8756666.66666667	9440303.03030303
modeloA	23	8730000	9409420.28985507
modeloA	24	7483333.33333333	9329166.66666667
modeloA	25	11050000	9398000
modeloA	26	8476666.66666667	9362564.1025641
modeloA	27	11063333.3333333	9425555.55555556
modeloA	28	12206666.6666667	9524880.95238095
modeloA	29	11896666.6666667	9606666.66666667
modeloA	30	8780000	9579111.11111111
modeloA	31	8613333.33333333	9547956.98924731
modeloA	32	8910000	9528020.83333333
modeloA	33	9446666.66666667	9525555.55555556
modeloA	34	11860000	9594215.68627451
modeloA	35	10396666.6666667	9617142.85714286
modeloA	36	11376666.6666667	9666018.51851852
modeloA	37	8663333.33333333	9638918.91891892
modeloA	38	7803333.33333333	9590614.03508772
modeloA	39	9766666.66666667	9595128.2051282
modeloA	40	7303333.33333333	9537833.33333333
modeloA	41	10946666.6666667	9572195.12195122
modeloA	42	12946666.6666667	9652539.68253968
modeloA	43	10426666.6666667	9670542.63565892
modeloA	44	8166666.66666667	9636363.63636364
modeloA	45	8700000	9615555.55555556
modeloA	46	9503333.33333333	9613115.94202899
modeloA	47	8706666.66666667	9593829.78723404
modeloA	48	8883333.33333333	9579027.77777778
modeloA	49	7286666.66666667	9532244.89795918
modeloA	50	9513333.33333333	9531866.66666667
modeloA	51	9880000	9538692.81045752
modeloA	52	8296666.66666667	9514807.69230769
modeloA	53	9926666.66666667	9522578.6163522
modeloA	54	9473333.33333333	9521666.66666667
modeloA	55	9406666.66666667	9519575.75757576
modeloA	56	10916666.6666667	9544523.80952381
modeloA	57	10863333.3333333	9567660.81871345
modeloA	58	10110000	9577011.49425288
modeloA	59	9036666.66666667	9567853.10734463
modeloA	60	10936666.6666667	9590666.66666667
modeloA	61	7603333.33333333	9558087.43169399
modeloA	62	11203333.3333333	9584623.65591398
modeloA	63	9286666.66666667	9579894.17989418
modeloA	64	9936666.66666667	9585468.75
modeloA	65	11210000	9610461.53846154
modeloA	66	9863333.33333333	9614292.92929293
modeloA	67	7880000	9588407.960199
modeloA	68	8473333.33333333	9572009.80392157
modeloA	69	11270000	9596618.35748792
modeloA	70	9373333.33333333	9593428.57142857
modeloA	71	10586666.6666667	9607417.84037559
modeloA	72	10616666.6666667	9621435.18518519
modeloA	73	10956666.6666667	9639726.02739726
modeloA	74	12150000	9673648.64864865
modeloA	75	10566666.6666667	9685555.55555556
modeloA	76	10243333.3333333	9692894.7368421
modeloA	77	10933333.3333333	9709004.32900433
modeloA	78	8543333.33333333	9694059.82905983
modeloA	79	8166666.66666667	9674725.73839662
modeloA	80	8826666.66666667	9664125
modeloA	81	11880000	9691481.48148148
modeloA	82	10273333.3333333	9698577.23577236
modeloA	83	10566666.6666667	9709036.14457831
modeloA	84	9243333.33333333	9703492.06349206
modeloA	85	8160000	9685333.33333333
modeloA	86	10120000	9690387.59689922
modeloA	87	10416666.6666667	9698735.63218391
modeloA	88	10366666.6666667	9706325.75757576
modeloA	89	10906666.6666667	9719812.7340824
modeloA	90	10193333.3333333	9725074.07407407
modeloA	91	9866666.66666667	9726630.03663004
modeloA	92	10826666.6666667	9738586.95652174
modeloA	93	9923333.33333333	9740573.47670251
modeloA	94	10063333.3333333	9744007.09219858
modeloA	95	10696666.6666667	9754035.0877193
modeloA	96	11076666.6666667	9767812.5
modeloA	97	6723333.33333333	9736426.11683849
modeloA	98	9670000	9735748.29931973
modeloA	99	6613333.33333333	9704208.75420875
modeloA	100	9096666.66666667	9698133.33333333
modeloA	101	11240000	9713399.33993399
modeloA	102	8216666.66666667	9698725.49019608
modeloA	103	8220000	9684368.93203884
modeloA	104	9460000	9682211.53846154
modeloA	105	9623333.33333333	9681650.79365079
modeloA	106	10813333.3333333	9692327.04402516
modeloA	107	10886666.6666667	9703489.09657321
modeloA	108	11613333.3333333	9721172.83950617
modeloA	109	8666666.66666667	9711498.47094801
modeloA	110	11300000	9725939.39393939
modeloA	111	9873333.33333333	9727267.26726727
modeloA	112	10503333.3333333	9734196.42857143
modeloA	113	8740000	9725398.23008849
modeloA	114	8446666.66666667	9714181.28654971
modeloA	115	12190000	9735710.14492754
modeloA	116	11123333.3333333	9747672.4137931
modeloA	117	10063333.3333333	9750370.37037037
modeloA	118	9476666.66666667	9748050.84745763
modeloA	119	9623333.33333333	9747002.80112045
modeloA	120	9873333.33333333	9748055.55555556
modeloA	121	7766666.66666667	9731680.44077135
modeloA	122	9563333.33333333	9730300.54644809
modeloA	123	11110000	9741517.61517615
modeloA	124	8256666.66666667	9729543.01075269
modeloA	125	10846666.6666667	9738480
modeloA	126	10843333.3333333	9747248.67724868
modeloA	127	12466666.6666667	9768661.41732283
modeloA	128	10446666.6666667	9773958.33333333
modeloA	129	10060000	9776175.71059431
modeloA	130	6826666.66666667	9753487.17948718
modeloA	131	11063333.3333333	9763486.00508906
modeloA	132	10616666.6666667	9769949.4949495
modeloA	133	8250000	9758521.30325815
modeloA	134	11176666.6666667	9769104.47761194
modeloA	135	9596666.66666667	9767827.16049383
modeloA	136	12096666.6666667	9784950.98039216
modeloA	137	8743333.33333333	9777347.93187348
modeloA	138	9116666.66666667	9772560.38647343
modeloA	139	8403333.33333333	9762709.83213429
modeloA	140	9296666.66666667	9759380.95238095
modeloA	141	11200000	9769598.10874705
modeloA	142	7613333.33333333	9754413.14553991
modeloA	143	8226666.66666667	9743729.60372961
modeloA	144	10493333.3333333	9748935.18518519
modeloA	145	8596666.66666667	9740988.50574713
modeloA	146	10353333.3333333	9745182.64840183
modeloA	147	11030000	9753922.90249433
modeloA	148	11930000	9768626.12612613
modeloA	149	9966666.66666667	9769955.25727069
modeloA	150	11536666.6666667	9781733.33333333
modeloA	151	9713333.33333333	9781280.35320088
modeloA	152	10770000	9787785.0877193
modeloA	153	8180000	9777276.68845316
modeloA	154	11026666.6666667	9785389.61038961
modeloA	155	9720000	9784967.74193548
modeloA	156	8246666.66666667	9775106.83760684
modeloA	157	9456666.66666667	9773078.55626327
modeloA	158	8470000	9764831.22362869
modeloA	159	9496666.66666667	9763144.65408805
modeloA	160	9943333.33333333	9764270.83333333
modeloA	161	13120000	9785113.87163561
modeloA	162	7103333.33333333	9768559.67078189
modeloA	163	10046666.6666667	9770265.84867076
modeloA	164	10106666.6666667	9772317.07317073
modeloA	165	9100000	9768242.42424242
modeloA	166	9016666.66666667	9763714.85943775
modeloA	167	9756666.66666667	9763672.65469062
modeloA	168	9883333.33333333	9764384.92063492
modeloA	169	12436666.6666667	9780197.23865878
modeloA	170	12130000	9794019.60784314
modeloA	171	10490000	9798089.66861598
modeloA	172	11633333.3333333	9808759.68992248
modeloA	173	10233333.3333333	9811213.87283237
modeloA	174	10473333.3333333	9815019.15708812
modeloA	175	7300000	9800647.61904762
modeloA	176	7993333.33333333	9790378.78787879
modeloA	177	10243333.3333333	9792937.85310734
modeloA	178	1.2e+07	9805337.07865168
modeloA	179	8323333.33333333	9797057.72811918
modeloA	180	11276666.6666667	9805277.77777778
modeloA	181	9870000	9805635.35911602
modeloA	182	8063333.33333333	9796062.27106227
modeloA	183	8953333.33333333	9791457.19489982
modeloA	184	11463333.3333333	9800543.47826087
modeloA	185	9740000	9800216.21621622
modeloA	186	9060000	9796236.55913979
modeloA	187	11436666.6666667	9805008.91265597
modeloA	188	10066666.6666667	9806400.70921986
modeloA	189	10003333.3333333	9807442.68077602
modeloA	190	10720000	9812245.61403509
modeloA	191	10283333.3333333	9814712.04188482
modeloA	192	9056666.66666667	9810763.88888889
modeloA	193	9816666.66666667	9810794.47322971
modeloA	194	10903333.3333333	9816426.11683849
modeloA	195	10056666.6666667	9817658.11965812
modeloA	196	9576666.66666667	9816428.57142857
modeloA	197	8986666.66666667	9812216.5820643
modeloA	198	9230000	9809276.0942761
modeloA	199	10283333.3333333	9811658.29145729
modeloA	200	6540000	9795300
modeloA	201	11310000	9802835.82089552
modeloA	202	8763333.33333333	9797689.7689769
modeloA	203	8310000	9790361.24794746
modeloA	204	10730000	9794967.32026144
modeloA	205	10920000	9800455.28455285
modeloA	206	11716666.6666667	9809757.2815534
modeloA	207	8936666.66666667	9805539.45249597
modeloA	208	10906666.6666667	9810833.33333333
modeloA	209	10836666.6666667	9815741.62679426
modeloA	210	9913333.33333333	9816206.34920635
modeloA	211	9513333.33333333	9814770.93206951
modeloA	212	11213333.3333333	9821367.9245283
modeloA	213	11790000	9830610.3286385
modeloA	214	8980000	9826635.51401869
modeloA	215	10676666.6666667	9830589.14728682
modeloA	216	7936666.66666667	9821820.98765432
modeloA	217	8346666.66666667	9815023.04147465
modeloA	218	8136666.66666667	9807324.15902141
modeloA	219	10616666.6666667	9811019.7869102
modeloA	220	8273333.33333333	9804030.3030303
modeloA	221	9593333.33333333	9803076.92307692
modeloA	222	11676666.6666667	9811516.51651652
modeloA	223	7956666.66666667	9803198.80418535
modeloA	224	11490000	9810729.16666667
modeloA	225	9053333.33333333	9807362.96296296
modeloA	226	7510000	9797197.64011799
modeloA	227	10280000	9799324.52276065
modeloA	228	10090000	9800599.41520468
modeloA	229	7936666.66666667	9792459.97088792
modeloA	230	11506666.6666667	9799913.04347826
modeloA	231	10533333.3333333	9803088.02308802
modeloA	232	9526666.66666667	9801896.55172414
modeloA	233	9916666.66666667	9802389.12732475
modeloA	234	7810000	9793874.64387464
modeloA	235	7603333.33333333	9784553.19148936
modeloA	236	9223333.33333333	9782175.14124294
modeloA	237	11056666.6666667	9787552.74261603
modeloA	238	9123333.33333333	9784761.9047619
modeloA	239	10470000	9787629.0097629
modeloA	240	12163333.3333333	9797527.77777778
modeloA	241	12290000	9807869.98616874
modeloA	242	9550000	9806804.4077135
modeloA	243	9470000	9805418.38134431
modeloA	244	10796666.6666667	9809480.87431694
modeloA	245	10540000	9812462.58503401
modeloA	246	9300000	9810379.40379404
modeloA	247	5976666.66666667	9794858.29959514
modeloA	248	9683333.33333333	9794408.60215054
modeloA	249	9660000	9793868.8085676
modeloA	250	11300000	9799893.33333333
modeloA	251	10226666.6666667	9801593.62549801
modeloA	252	10136666.6666667	9802923.28042328
modeloA	253	9890000	9803267.4571805
modeloA	254	7720000	9795065.6167979
modeloA	255	9473333.33333333	9793803.92156863
modeloA	256	10136666.6666667	9795143.22916667
modeloA	257	9850000	9795356.67963684
modeloA	258	9356666.66666667	9793656.33074936
modeloA	259	9120000	9791055.34105534
modeloA	260	7276666.66666667	9781384.61538462
modeloA	261	11963333.3333333	9789744.57215837
modeloA	262	10520000	9792531.80661578
modeloA	263	10380000	9794765.52598226
modeloA	264	8350000	9789292.92929293
modeloA	265	8760000	9785408.80503145
modeloA	266	8953333.33333333	9782280.70175439
modeloA	267	11920000	9790287.14107366
modeloA	268	11376666.6666667	9796206.46766169
modeloA	269	10103333.3333333	9797348.20322181
modeloA	270	9813333.33333333	9797407.40740741
modeloA	271	10776666.6666667	9801020.9102091
modeloA	272	10266666.6666667	9802732.84313725
modeloA	273	8933333.33333333	9799548.22954823
modeloA	274	8876666.66666667	9796180.0486618
modeloA	275	9563333.33333333	9795333.33333333
modeloA	276	9750000	9795169.0821256
modeloA	277	11746666.6666667	9802214.19975933
modeloA	278	9193333.33333333	9800023.98081535
modeloA	279	8910000	9796833.9307049
modeloA	280	10983333.3333333	9801071.42857143
modeloA	281	10686666.6666667	9804223.01304864
modeloA	282	7680000	9796690.30732861
modeloA	283	10070000	9797656.06595995
modeloA	284	10103333.3333333	9798732.3943662
modeloA	285	11883333.3333333	9806046.78362573
modeloA	286	9033333.33333333	9803344.98834499
modeloA	287	9830000	9803437.86295006
modeloA	288	7913333.33333333	9796875
modeloA	289	11183333.3333333	9801672.43367936
modeloA	290	10766666.6666667	9805000
modeloA	291	10250000	9806529.20962199
modeloA	292	11830000	9813458.90410959
modeloA	293	8583333.33333333	9809260.52332196
modeloA	294	9133333.33333333	9806961.45124717
modeloA	295	11620000	9813107.34463277
modeloA	296	9753333.33333333	9812905.40540541
modeloA	297	5770000	9799292.92929293
modeloA	298	11086666.6666667	9803612.9753915
modeloA	299	12520000	9812697.88182832
modeloA	300	9576666.66666667	9811911.11111111
modeloA	301	10826666.6666667	9815282.39202658
modeloA	302	12720000	9824900.66225165
modeloA	303	8423333.33333333	9820275.02750275
modeloA	304	9650000	9819714.9122807
modeloA	305	9746666.66666667	9819475.40983606
modeloA	306	9353333.33333333	9817952.06971677
modeloA	307	11740000	9824212.8121607
modeloA	308	11140000	9828484.84848485
modeloA	309	9150000	9826289.10463862
modeloA	310	10883333.3333333	9829698.92473118
modeloA	311	8720000	9826130.76098607
modeloA	312	9890000	9826335.47008547
modeloA	313	11276666.6666667	9830969.11608094
modeloA	314	11453333.3333333	9836135.88110403
modeloA	315	9043333.33333333	9833619.04761905
modeloA	316	7723333.33333333	9826940.92827004
modeloA	317	9753333.33333333	9826708.7276551
modeloA	318	10196666.6666667	9827872.11740042
modeloA	319	8660000	9824211.07628004
modeloA	320	9553333.33333333	9823364.58333333
modeloA	321	10263333.3333333	9824735.20249221
modeloA	322	8126666.66666667	9819461.69772257
modeloA	323	9983333.33333333	9819969.04024768
modeloA	324	7350000	9812345.67901235
modeloA	325	11760000	9818338.46153846
modeloA	326	7730000	9811932.51533742
modeloA	327	10700000	9814648.31804281
modeloA	328	11383333.3333333	9819430.89430894
modeloA	329	10773333.3333333	9822330.29381966
modeloA	330	11766666.6666667	9828222.22222222
modeloA	331	10623333.3333333	9830624.37059416
modeloA	332	10836666.6666667	9833654.6184739
modeloA	333	9510000	9832682.68268268
modeloA	334	10150000	9833632.73453094
modeloA	335	8616666.66666667	9830000
modeloA	336	10803333.3333333	9832896.82539683
modeloA	337	10376666.6666667	9834510.38575668
modeloA	338	10713333.3333333	9837110.45364891
modeloA	339	9100000	9834936.08652901
modeloA	340	9016666.66666667	9832529.41176471
modeloA	341	9956666.66666667	9832893.45063539
modeloA	342	10136666.6666667	9833781.67641326
modeloA	343	10603333.3333333	9836025.26724976
modeloA	344	8050000	9830833.33333333
modeloA	345	9623333.33333333	9830231.88405797
modeloA	346	12046666.6666667	9836637.76493256
modeloA	347	8876666.66666667	9833871.27761767
modeloA	348	7776666.66666667	9827959.77011494
modeloA	349	10916666.6666667	9831079.27411652
modeloA	350	8526666.66666667	9827352.38095238
modeloA	351	9963333.33333333	9827739.79107312
modeloA	352	8780000	9824763.25757576
modeloA	353	1.1e+07	9828092.5401322
modeloA	354	8570000	9824538.60640301
modeloA	355	8836666.66666667	9821755.8685446
modeloA	356	7850000	9816217.22846442
modeloA	357	8443333.33333333	9812371.61531279
modeloA	358	10823333.3333333	9815195.53072626
modeloA	359	9433333.33333333	9814131.84772516
modeloA	360	10220000	9815259.25925926
modeloA	361	9346666.66666667	9813961.21883656
modeloA	362	10286666.6666667	9815267.03499079
modeloA	363	8610000	9811946.74012856
modeloA	364	9866666.66666667	9812097.06959707
modeloA	365	9336666.66666667	9810794.52054794
modeloA	366	10103333.3333333	9811593.80692167
modeloA	367	11333333.3333333	9815740.23614896
modeloA	368	10606666.6666667	9817889.49275362
modeloA	369	8930000	9815483.28816621
modeloA	370	9106666.66666667	9813567.56756757
modeloA	371	6520000	9804690.02695418
modeloA	372	8750000	9801854.83870968
modeloA	373	11380000	9806085.79088472
modeloA	374	9276666.66666667	9804670.23172906
modeloA	375	9500000	9803857.77777778
modeloA	376	9420000	9802836.87943262
modeloA	377	9776666.66666667	9802767.46242263
modeloA	378	8236666.66666667	9798624.33862434
modeloA	379	10076666.6666667	9799357.95954266
modeloA	380	10933333.3333333	9802342.10526316
modeloA	381	11280000	9806220.47244094
modeloA	382	12390000	9812984.29319372
modeloA	383	9153333.33333333	9811261.96692776
modeloA	384	9043333.33333333	9809262.15277778
modeloA	385	6453333.33333333	9800545.45454546
modeloA	386	9683333.33333333	9800241.79620035
modeloA	387	7723333.33333333	9794875.10766581
modeloA	388	9940000	9795249.14089347
modeloA	389	9310000	9794001.71379606
modeloA	390	10113333.3333333	9794820.51282051
modeloA	391	7446666.66666667	9788815.00426258
modeloA	392	9766666.66666667	9788758.50340136
modeloA	393	9136666.66666667	9787099.23664122
modeloA	394	11656666.6666667	9791844.33164129
modeloA	395	9150000	9790219.4092827
modeloA	396	10496666.6666667	9792003.36700337
modeloA	397	10026666.6666667	9792594.45843829
modeloA	398	9953333.33333333	9792998.32495813
modeloA	399	8316666.66666667	9789298.24561404
modeloA	400	7133333.33333333	9782658.33333333
modeloA	401	8086666.66666667	9778428.9276808
modeloA	402	8573333.33333333	9775431.1774461
modeloA	403	9133333.33333333	9773837.88254756
modeloA	404	8830000	9771501.65016502
modeloA	405	8956666.66666667	9769489.71193416
modeloA	406	9393333.33333333	9768563.2183908
modeloA	407	10443333.3333333	9770221.13022113
modeloA	408	10426666.6666667	9771830.06535948
modeloA	409	11833333.3333333	9776870.41564792
modeloA	410	10180000	9777853.65853659
modeloA	411	8420000	9774549.8783455
modeloA	412	12206666.6666667	9780453.07443366
modeloA	413	9900000	9780742.53430186
modeloA	414	11986666.6666667	9786070.85346216
modeloA	415	9976666.66666667	9786530.12048193
modeloA	416	10516666.6666667	9788285.25641026
modeloA	417	8763333.33333333	9785827.3381295
modeloA	418	9250000	9784545.45454546
modeloA	419	9376666.66666667	9783571.99681782
modeloA	420	8840000	9781325.3968254
modeloA	421	9410000	9780443.38875693
modeloA	422	12140000	9786034.75513428
modeloA	423	11053333.3333333	9789030.73286052
modeloA	424	9200000	9787641.50943396
modeloA	425	10126666.6666667	9788439.21568627
modeloA	426	9880000	9788654.14710485
modeloA	427	10620000	9790601.09289618
modeloA	428	8056666.66666667	9786549.84423676
modeloA	429	7846666.66666667	9782027.97202797
modeloA	430	10300000	9783232.55813954
modeloA	431	9480000	9782529.00232019
modeloA	432	9346666.66666667	9781520.0617284
modeloA	433	8700000	9779022.32486528
modeloA	434	9653333.33333333	9778732.71889401
modeloA	435	9393333.33333333	9777846.74329502
modeloA	436	8213333.33333333	9774258.40978593
modeloA	437	10423333.3333333	9775743.70709382
modeloA	438	10540000	9777488.58447489
modeloA	439	10693333.3333333	9779574.7911921
modeloA	440	9530000	9779007.57575758
modeloA	441	9870000	9779213.90778534
modeloA	442	9136666.66666667	9777760.18099548
modeloA	443	12106666.6666667	9783017.3062453
modeloA	444	10136666.6666667	9783813.81381381
modeloA	445	10770000	9786029.96254682
modeloA	446	9590000	9785590.43348281
modeloA	447	11580000	9789604.77255779
modeloA	448	10876666.6666667	9792031.25
modeloA	449	8850000	9789933.18485523
modeloA	450	9173333.33333333	9788562.96296296
modeloA	451	9896666.66666667	9788802.66075388
modeloA	452	10310000	9789955.75221239
modeloA	453	12273333.3333333	9795437.82192789
modeloA	454	9970000	9795822.32011748
modeloA	455	11763333.3333333	9800146.52014652
modeloA	456	11070000	9802931.28654971
modeloA	457	9243333.33333333	9801706.7833698
modeloA	458	9106666.66666667	9800189.22852984
modeloA	459	6136666.66666667	9792207.69789397
modeloA	460	9820000	9792268.11594203
modeloA	461	12950000	9799117.85972524
modeloA	462	9493333.33333333	9798455.98845599
modeloA	463	10316666.6666667	9799575.23398128
modeloA	464	13053333.3333333	9806587.64367816
modeloA	465	8190000	9803111.11111111
modeloA	466	9720000	9802932.76108727
modeloA	467	8413333.33333333	9799957.17344754
modeloA	468	10056666.6666667	9800505.6980057
modeloA	469	8436666.66666667	9797597.72565743
modeloA	470	11026666.6666667	9800212.76595745
modeloA	471	10290000	9801252.65392781
modeloA	472	8600000	9798707.62711864
modeloA	473	13823333.3333333	9807216.34954193
modeloA	474	9506666.66666667	9806582.27848101
modeloA	475	11670000	9810505.26315789
modeloA	476	8480000	9807710.08403361
modeloA	477	10366666.6666667	9808881.90076869
modeloA	478	10733333.3333333	9810815.89958159
modeloA	479	7633333.33333333	9806270.00695894
modeloA	480	11173333.3333333	9809118.05555556
modeloA	481	9540000	9808558.55855856
modeloA	482	8853333.33333333	9806576.76348548
modeloA	483	8250000	9803354.03726708
modeloA	484	9330000	9802376.03305785
modeloA	485	11350000	9805567.01030928
modeloA	486	10340000	9806666.66666666
modeloA	487	10966666.6666667	9809048.59685147
modeloA	488	10386666.6666667	9810232.24043716
modeloA	489	9946666.66666667	9810511.24744376
modeloA	490	11260000	9813469.3877551
modeloA	491	10346666.6666667	9814555.32926001
modeloA	492	9380000	9813672.08672087
modeloA	493	11756666.6666667	9817613.25219743
modeloA	494	10003333.3333333	9817989.20377868
modeloA	495	10790000	9819952.86195286
modeloA	496	13013333.3333333	9826391.12903226
modeloA	497	10223333.3333333	9827189.80549967
modeloA	498	8860000	9825247.65729585
modeloA	499	8526666.66666667	9822645.29058116
modeloA	500	10620000	9824240
modeloA	501	9650000	9823892.21556886
modeloA	502	10190000	9824621.51394422
modeloA	503	9300000	9823578.52882704
modeloA	504	10823333.3333333	9825562.16931217
modeloA	505	9540000	9824996.69966997
modeloA	506	9543333.33333333	9824440.05270092
modeloA	507	8290000	9821413.54372124
modeloA	508	10793333.3333333	9823326.77165354
modeloA	509	10033333.3333333	9823739.35821873
modeloA	510	11440000	9826908.49673203
modeloA	511	10500000	9828225.7012394
modeloA	512	7323333.33333333	9823333.33333333
modeloA	513	10373333.3333333	9824405.45808967
modeloA	514	10823333.3333333	9826348.89753567
modeloA	515	10933333.3333333	9828498.38187702
modeloA	516	7396666.66666667	9823785.52971576
modeloA	517	10090000	9824300.45132173
modeloA	518	9563333.33333333	9823796.65379665
modeloA	519	9493333.33333333	9823159.92292871
modeloA	520	10540000	9824538.46153846
modeloA	521	8373333.33333333	9821753.03902751
modeloA	522	10996666.6666667	9824003.83141762
modeloA	523	9713333.33333333	9823792.22434672
modeloA	524	8583333.33333333	9821424.93638677
modeloA	525	10453333.3333333	9822628.57142857
modeloA	526	8326666.66666667	9819784.5373891
modeloA	527	8933333.33333333	9818102.46679317
modeloA	528	10956666.6666667	9820258.83838384
modeloA	529	8403333.33333333	9817580.34026465
modeloA	530	10436666.6666667	9818748.42767296
modeloA	531	10143333.3333333	9819359.69868173
modeloA	532	11113333.3333333	9821791.97994988
modeloA	533	9470000	9821131.95747342
modeloA	534	9016666.66666667	9819625.46816479
modeloA	535	12256666.6666667	9824180.68535826
modeloA	536	10933333.3333333	9826250
modeloA	537	8230000	9823277.46741155
modeloA	538	12210000	9827713.75464684
modeloA	539	10630000	9829202.22634508
modeloA	540	9763333.33333333	9829080.24691358
modeloA	541	7433333.33333333	9824651.87923598
modeloA	542	9386666.66666667	9823843.78843789
modeloA	543	8403333.33333333	9821227.7470841
modeloA	544	7643333.33333333	9817224.26470588
modeloA	545	11560000	9820422.01834862
modeloA	546	11936666.6666667	9824297.92429792
modeloA	547	8703333.33333333	9822248.62888483
modeloA	548	7483333.33333333	9817980.53527981
modeloA	549	8280000	9815179.11353977
modeloA	550	11966666.6666667	9819090.90909091
modeloA	551	10343333.3333333	9820042.34724743
modeloA	552	9650000	9819734.29951691
modeloA	553	11013333.3333333	9821892.70644967
modeloA	554	11180000	9824344.16365824
modeloA	555	8840000	9822570.57057057
modeloA	556	11490000	9825569.54436451
modeloA	557	11690000	9828916.81627768
modeloA	558	9893333.33333333	9829032.25806452
modeloA	559	10060000	9829445.43828265
modeloA	560	9613333.33333333	9829059.52380952
modeloA	561	7850000	9825531.78847296
modeloA	562	10853333.3333333	9827360.6168446
modeloA	563	9360000	9826530.49141504
modeloA	564	12783333.3333333	9831773.04964539
modeloA	565	9673333.33333333	9831492.62536873
modeloA	566	8916666.66666667	9829876.32508834
modeloA	567	8836666.66666667	9828124.63256908
modeloA	568	9930000	9828303.99061033
modeloA	569	8656666.66666667	9826244.87404804
modeloA	570	11743333.3333333	9829608.1871345
modeloA	571	9016666.66666667	9828184.4716871
modeloA	572	9600000	9827785.54778555
modeloA	573	9473333.33333333	9827166.95753345
modeloA	574	10903333.3333333	9829041.81184669
modeloA	575	10590000	9830365.2173913
modeloA	576	8116666.66666667	9827390.0462963
modeloA	577	8903333.33333333	9825788.56152513
modeloA	578	10346666.6666667	9826689.73471742
modeloA	579	9680000	9826436.3845711
modeloA	580	5803333.33333333	9819500
modeloA	581	9006666.66666667	9818100.97532989
modeloA	582	8603333.33333333	9816013.74570447
modeloA	583	9073333.33333333	9814739.85134363
modeloA	584	10053333.3333333	9815148.40182648
modeloA	585	11010000	9817190.88319088
modeloA	586	12063333.3333333	9821023.89078498
modeloA	587	9610000	9820664.39522998
modeloA	588	10126666.6666667	9821184.80725624
modeloA	589	8923333.33333333	9819660.44142615
modeloA	590	10266666.6666667	9820418.07909605
modeloA	591	1e+07	9820721.94021433
modeloA	592	10203333.3333333	9821368.24324324
modeloA	593	8616666.66666667	9819336.70601462
modeloA	594	8353333.33333333	9816868.68686869
modeloA	595	11726666.6666667	9820078.43137255
modeloA	596	10633333.3333333	9821442.95302014
modeloA	597	7286666.66666667	9817197.09659408
modeloA	598	8520000	9815027.87068004
modeloA	599	11596666.6666667	9818002.22593211
modeloA	600	8373333.33333333	9815594.44444444
modeloA	601	10950000	9817481.97448697
modeloA	602	11320000	9819977.85160576
modeloA	603	6653333.33333333	9814726.3681592
modeloA	604	10673333.3333333	9816147.90286976
modeloA	605	12310000	9820269.97245179
modeloA	606	8106666.66666667	9817442.24422442
modeloA	607	10093333.3333333	9817896.76002197
modeloA	608	12286666.6666667	9821957.2368421
modeloA	609	10683333.3333333	9823371.64750958
modeloA	610	11130000	9825513.66120219
modeloA	611	10070000	9825913.80250955
modeloA	612	9873333.33333333	9825991.28540305
modeloA	613	8573333.33333333	9823947.79771615
modeloA	614	9893333.33333333	9824060.80347449
modeloA	615	6963333.33333333	9819409.21409214
modeloA	616	9680000	9819182.9004329
modeloA	617	10803333.3333333	9820777.95786062
modeloA	618	8466666.66666667	9818586.83926645
modeloA	619	8416666.66666667	9816322.02477114
modeloA	620	10550000	9817505.37634409
modeloA	621	8240000	9814965.11003757
modeloA	622	7323333.33333333	9810959.27116827
modeloA	623	10300000	9811744.2482611
modeloA	624	8670000	9809914.52991453
modeloA	625	8026666.66666667	9807061.33333333
modeloA	626	9286666.66666667	9806230.03194888
modeloA	627	9766666.66666667	9806166.93248272
modeloA	628	12203333.3333333	9809984.07643312
modeloA	629	7640000	9806534.18124006
modeloA	630	9073333.33333333	9805370.37037037
modeloA	631	8793333.33333333	9803766.50818806
modeloA	632	8010000	9800928.27004219
modeloA	633	9913333.33333333	9801105.84518167
modeloA	634	11103333.3333333	9803159.83175605
modeloA	635	9140000	9802115.48556431
modeloA	636	10126666.6666667	9802625.78616352
modeloA	637	11946666.6666667	9805991.6274202
modeloA	638	8680000	9804226.75026123
modeloA	639	10263333.3333333	9804945.22691706
modeloA	640	12883333.3333333	9809755.20833333
modeloA	641	7133333.33333333	9805579.82319293
modeloA	642	8346666.66666667	9803307.37279336
modeloA	643	10466666.6666667	9804339.03576983
modeloA	644	10160000	9804891.30434783
modeloA	645	8990000	9803627.90697674
modeloA	646	8796666.66666667	9802069.14344685
modeloA	647	8583333.33333333	9800185.47140649
modeloA	648	9920000	9800370.37037037
modeloA	649	10330000	9801186.44067797
modeloA	650	10730000	9802615.38461538
modeloA	651	9313333.33333333	9801863.79928315
modeloA	652	5446666.66666667	9795184.04907975
modeloA	653	8023333.33333333	9792470.64828994
modeloA	654	11863333.3333333	9795637.1049949
modeloA	655	9286666.66666667	9794860.05089058
modeloA	656	8886666.66666667	9793475.6097561
modeloA	657	9556666.66666667	9793115.16996448
modeloA	658	8783333.33333333	9791580.54711246
modeloA	659	11400000	9794021.24430956
modeloA	660	8783333.33333333	9792489.8989899
modeloA	661	9100000	9791442.25920323
modeloA	662	12540000	9795594.1591138
modeloA	663	9323333.33333333	9794881.85017597
modeloA	664	9693333.33333333	9794728.91566265
modeloA	665	9226666.66666667	9793874.68671679
modeloA	666	9216666.66666667	9793008.00800801
modeloA	667	7916666.66666667	9790194.90254873
modeloA	668	11863333.3333333	9793298.40319361
modeloA	669	8996666.66666667	9792107.62331839
modeloA	670	7913333.33333333	9789303.48258707
modeloA	671	9120000	9788306.01092896
modeloA	672	8266666.66666667	9786041.66666667
modeloA	673	8976666.66666667	9784839.02922239
modeloA	674	10046666.6666667	9785227.4975272
modeloA	675	11240000	9787382.71604938
modeloA	676	10993333.3333333	9789166.66666667
modeloA	677	1e+07	9789478.08961103
modeloA	678	9596666.66666667	9789193.70698132
modeloA	679	8623333.33333333	9787476.68139421
modeloA	680	8756666.66666667	9785960.78431373
modeloA	681	9876666.66666667	9786093.979442
modeloA	682	10610000	9787302.05278592
modeloA	683	8580000	9785534.40702782
modeloA	684	14056666.6666667	9791778.75243665
modeloA	685	5990000	9786228.71046229
modeloA	686	7013333.33333333	9782186.58892128
modeloA	687	11056666.6666667	9784041.72731684
modeloA	688	7843333.33333333	9781220.93023256
modeloA	689	10340000	9782031.93033382
modeloA	690	9636666.66666667	9781821.25603865
modeloA	691	7883333.33333333	9779073.80607815
modeloA	692	9730000	9779002.89017341
modeloA	693	8413333.33333333	9777032.22703223
modeloA	694	9786666.66666667	9777046.10951009
modeloA	695	9236666.66666667	9776268.58513189
modeloA	696	9026666.66666667	9775191.57088123
modeloA	697	5923333.33333333	9769665.23194644
modeloA	698	10023333.3333333	9770028.65329513
modeloA	699	9523333.33333333	9769675.72722937
modeloA	700	8773333.33333333	9768252.38095238
modeloA	701	8890000	9766999.52448882
modeloA	702	10033333.3333333	9767378.91737892
modeloA	703	8880000	9766116.64295875
modeloA	704	8393333.33333333	9764166.66666667
modeloA	705	10360000	9765011.82033097
modeloA	706	9156666.66666667	9764150.14164306
modeloA	707	9076666.66666667	9763177.74634606
modeloA	708	6926666.66666667	9759171.37476459
modeloA	709	9316666.66666667	9758547.24964739
modeloA	710	9276666.66666667	9757868.54460094
modeloA	711	8473333.33333333	9756061.88466948
modeloA	712	9636666.66666667	9755894.19475655
modeloA	713	11676666.6666667	9758588.12529219
modeloA	714	13556666.6666667	9763907.56302521
modeloA	715	9883333.33333333	9764074.59207459
modeloA	716	9126666.66666667	9763184.3575419
modeloA	717	6410000	9758507.67085077
modeloA	718	7196666.66666667	9754939.64716806
modeloA	719	8153333.33333333	9752712.10013908
modeloA	720	12010000	9755847.22222222
modeloA	721	6450000	9751262.13592233
modeloA	722	9366666.66666667	9750729.45521699
modeloA	723	11313333.3333333	9752890.73305671
modeloA	724	10096666.6666667	9753365.56169429
modeloA	725	8476666.66666667	9751604.59770115
modeloA	726	9500000	9751258.0348944
modeloA	727	8056666.66666667	9748927.09766162
modeloA	728	9680000	9748832.41758242
modeloA	729	8356666.66666667	9746922.72519433
modeloA	730	9896666.66666667	9747127.85388128
modeloA	731	9803333.33333333	9747204.74236206
modeloA	732	10543333.3333333	9748292.34972677
modeloA	733	12136666.6666667	9751550.70486585
modeloA	734	12436666.6666667	9755208.90099909
modeloA	735	6783333.33333333	9751165.53287982
modeloA	736	9133333.33333333	9750326.08695652
modeloA	737	10163333.3333333	9750886.47670737
modeloA	738	11056666.6666667	9752655.82655827
modeloA	739	11416666.6666667	9754907.53270185
modeloA	740	11780000	9757644.14414414
modeloA	741	9293333.33333333	9757017.54385965
modeloA	742	10766666.6666667	9758378.25696316
modeloA	743	9450000	9757963.21220278
modeloA	744	10180000	9758530.46594982
modeloA	745	7466666.66666667	9755454.13870246
modeloA	746	10453333.3333333	9756389.63360143
modeloA	747	10540000	9757438.64346274
modeloA	748	10273333.3333333	9758128.34224599
modeloA	749	9380000	9757623.49799733
modeloA	750	9920000	9757840
modeloA	751	7990000	9755486.01864181
modeloA	752	7076666.66666667	9751923.75886525
modeloA	753	9986666.66666667	9752235.50243471
modeloA	754	9566666.66666667	9751989.38992042
modeloA	755	7870000	9749496.68874172
modeloA	756	9356666.66666667	9748977.07231041
modeloA	757	10910000	9750510.78819903
modeloA	758	9500000	9750180.29903254
modeloA	759	9590000	9749969.25779534
modeloA	760	10156666.6666667	9750504.38596491
modeloA	761	7963333.33333333	9748155.93517302
modeloA	762	8956666.66666667	9747117.23534558
modeloA	763	10496666.6666667	9748099.6068152
modeloA	764	8733333.33333333	9746771.37870855
modeloA	765	10913333.3333333	9748296.2962963
modeloA	766	10693333.3333333	9749530.02610966
modeloA	767	12023333.3333333	9752494.56757931
modeloA	768	9283333.33333333	9751883.68055556
modeloA	769	9920000	9752102.29735587
modeloA	770	8843333.33333333	9750922.07792208
modeloA	771	10776666.6666667	9752252.48594898
modeloA	772	9593333.33333333	9752046.63212435
modeloA	773	12200000	9755213.45407503
modeloA	774	10500000	9756175.71059431
modeloA	775	7683333.33333333	9753501.07526882
modeloA	776	8703333.33333333	9752147.76632302
modeloA	777	5913333.33333333	9747207.20720721
modeloA	778	10203333.3333333	9747793.48757498
modeloA	779	11366666.6666667	9749871.63029525
modeloA	780	10093333.3333333	9750311.96581197
modeloA	781	9973333.33333333	9750597.52454119
modeloA	782	9296666.66666667	9750017.05029838
modeloA	783	8626666.66666667	9748582.37547893
modeloA	784	9720000	9748545.91836735
modeloA	785	10720000	9749783.43949044
modeloA	786	9440000	9749389.3129771
modeloA	787	9163333.33333333	9748644.64210081
modeloA	788	10640000	9749775.8037225
modeloA	789	8150000	9747748.20447824
modeloA	790	9613333.33333333	9747578.05907173
modeloA	791	8800000	9746380.10956595
modeloA	792	10646666.6666667	9747516.83501684
modeloA	793	13286666.6666667	9751979.82345523
modeloA	794	8393333.33333333	9750268.68178002
modeloA	795	11140000	9752016.77148847
modeloA	796	9420000	9751599.66499163
modeloA	797	10310000	9752300.29276453
modeloA	798	11810000	9754878.86382623
modeloA	799	11580000	9757163.12056738
modeloA	800	10020000	9757491.66666667
modeloA	801	8650000	9756109.03037869
modeloA	802	10523333.3333333	9757065.66916043
modeloA	803	9013333.33333333	9756139.47696139
modeloA	804	10306666.6666667	9756824.21227197
modeloA	805	9583333.33333333	9756608.69565217
modeloA	806	8650000	9755235.73200992
modeloA	807	10850000	9756592.31722429
modeloA	808	10530000	9757549.50495049
modeloA	809	8743333.33333333	9756295.83848372
modeloA	810	11596666.6666667	9758567.90123457
modeloA	811	10646666.6666667	9759662.9675298
modeloA	812	10386666.6666667	9760435.13957307
modeloA	813	10813333.3333333	9761730.21730217
modeloA	814	7756666.66666667	9759266.99426699
modeloA	815	9276666.66666667	9758674.84662577
modeloA	816	9206666.66666667	9757998.36601307
modeloA	817	9130000	9757229.70216238
modeloA	818	10596666.6666667	9758255.90872046
modeloA	819	10573333.3333333	9759251.11925112
modeloA	820	8006666.66666667	9757113.82113821
modeloA	821	10846666.6666667	9758440.92570037
modeloA	822	9373333.33333333	9757972.42497972
modeloA	823	9136666.66666667	9757217.49696234
modeloA	824	7256666.66666667	9754182.84789644
modeloA	825	9383333.33333333	9753733.33333333
modeloA	826	10340000	9754443.09927361
modeloA	827	10653333.3333333	9755530.02821443
modeloA	828	12340000	9758651.36876007
modeloA	829	8946666.66666667	9757671.89384801
modeloA	830	9770000	9757686.74698795
modeloA	831	8743333.33333333	9756466.10509427
modeloA	832	9466666.66666667	9756117.78846154
modeloA	833	9663333.33333333	9756006.40256103
modeloA	834	9846666.66666667	9756115.10791367
modeloA	835	9570000	9755892.21556886
modeloA	836	9596666.66666667	9755701.75438596
modeloA	837	7730000	9753281.56113102
modeloA	838	10720000	9754435.16308671
modeloA	839	10566666.6666667	9755403.25784664
modeloA	840	11140000	9757051.58730159
modeloA	841	8943333.33333333	9756084.02695204
modeloA	842	8813333.33333333	9754964.37054632
modeloA	843	10980000	9756417.55634638
modeloA	844	8726666.66666667	9755197.47235387
modeloA	845	8583333.33333333	9753810.65088757
modeloA	846	11626666.6666667	9756024.428684
modeloA	847	9523333.33333333	9755749.70484061
modeloA	848	10230000	9756308.96226415
modeloA	849	9103333.33333333	9755539.85080487
modeloA	850	8860000	9754486.2745098
modeloA	851	10116666.6666667	9754911.86839013
modeloA	852	10870000	9756220.657277
modeloA	853	9880000	9756365.76787808
modeloA	854	11096666.6666667	9757935.20686963
modeloA	855	11450000	9759914.23001949
modeloA	856	9863333.33333333	9760035.04672897
modeloA	857	12036666.6666667	9762691.5597044
modeloA	858	9260000	9762105.67210567
modeloA	859	8723333.33333333	9760896.3911525
modeloA	860	9460000	9760546.51162791
modeloA	861	8090000	9758606.271777
modeloA	862	8456666.66666667	9757095.90100541
modeloA	863	9863333.33333333	9757219.00347625
modeloA	864	11936666.6666667	9759741.51234568
modeloA	865	9513333.33333333	9759456.64739884
modeloA	866	7776666.66666667	9757167.05157814
modeloA	867	9703333.33333333	9757104.95963091
modeloA	868	9123333.33333333	9756374.80798771
modeloA	869	10783333.3333333	9757556.57844265
modeloA	870	9696666.66666667	9757486.59003831
modeloA	871	11306666.6666667	9759265.21239954
modeloA	872	10946666.6666667	9760626.91131498
modeloA	873	10670000	9761668.57579229
modeloA	874	8620000	9760362.31884058
modeloA	875	6773333.33333333	9756948.57142857
modeloA	876	10070000	9757305.93607306
modeloA	877	10940000	9758654.50399088
modeloA	878	10053333.3333333	9758990.12908124
modeloA	879	10916666.6666667	9760307.1672355
modeloA	880	9363333.33333333	9759856.06060606
modeloA	881	10056666.6666667	9760192.96254256
modeloA	882	10406666.6666667	9760925.92592593
modeloA	883	8710000	9759735.74933938
modeloA	884	10413333.3333333	9760475.11312217
modeloA	885	9763333.33333333	9760478.34274953
modeloA	886	9006666.66666667	9759627.53950339
modeloA	887	10283333.3333333	9760217.96317174
modeloA	888	10310000	9760837.08708709
modeloA	889	9416666.66666667	9760449.94375703
modeloA	890	8910000	9759494.38202247
modeloA	891	8913333.33333333	9758544.70632249
modeloA	892	7970000	9756539.61136024
modeloA	893	9636666.66666667	9756405.37513998
modeloA	894	9396666.66666667	9756002.98284862
modeloA	895	10706666.6666667	9757065.17690875
modeloA	896	9360000	9756622.02380952
modeloA	897	10580000	9757539.94797473
modeloA	898	9320000	9757052.70972532
modeloA	899	9086666.66666667	9756307.00778643
modeloA	900	8066666.66666667	9754429.62962963
modeloA	901	9700000	9754369.21938587
modeloA	902	8803333.33333333	9753314.85587583
modeloA	903	10293333.3333333	9753912.88298265
modeloA	904	9210000	9753311.20943953
modeloA	905	9183333.33333333	9752681.39963168
modeloA	906	9906666.66666667	9752851.36129507
modeloA	907	10673333.3333333	9753866.22565233
modeloA	908	8926666.66666667	9752955.21292217
modeloA	909	9210000	9752357.90245691
modeloA	910	6783333.33333333	9749095.23809524
modeloA	911	11053333.3333333	9750526.8935236
modeloA	912	10370000	9751206.14035088
modeloA	913	10576666.6666667	9752110.25921869
modeloA	914	10153333.3333333	9752549.23413567
modeloA	915	9150000	9751890.71038251
modeloA	916	10203333.3333333	9752383.55167394
modeloA	917	9546666.66666667	9752159.21483097
modeloA	918	10756666.6666667	9753253.44952796
modeloA	919	9756666.66666667	9753257.16358361
modeloA	920	10056666.6666667	9753586.95652174
modeloA	921	11306666.6666667	9755273.25370974
modeloA	922	11683333.3333333	9757364.42516269
modeloA	923	7946666.66666667	9755402.67244493
modeloA	924	12210000	9758059.16305916
modeloA	925	10133333.3333333	9758464.86486486
modeloA	926	11146666.6666667	9759964.00287977
modeloA	927	7720000	9757763.39446242
modeloA	928	10640000	9758714.08045977
modeloA	929	11600000	9760696.08898457
modeloA	930	8890000	9759759.85663083
modeloA	931	9143333.33333333	9759097.7443609
modeloA	932	9073333.33333333	9758361.94563662
modeloA	933	10163333.3333333	9758795.99857092
modeloA	934	7740000	9756634.54675232
modeloA	935	9636666.66666667	9756506.23885918
modeloA	936	8940000	9755633.9031339
modeloA	937	7873333.33333333	9753625.04446816
modeloA	938	10393333.3333333	9754307.03624733
modeloA	939	8880000	9753375.93184238
modeloA	940	8496666.66666667	9752039.0070922
modeloA	941	11143333.3333333	9753517.53453772
modeloA	942	9203333.33333333	9752933.47487615
modeloA	943	10956666.6666667	9754209.96818664
modeloA	944	10900000	9755423.72881356
modeloA	945	12400000	9758222.22222222
modeloA	946	10353333.3333333	9758851.30373502
modeloA	947	9696666.66666667	9758785.63885956
modeloA	948	8366666.66666667	9757317.15893108
modeloA	949	10446666.6666667	9758043.5546189
modeloA	950	7746666.66666667	9755926.31578947
modeloA	951	10190000	9756382.75499474
modeloA	952	11063333.3333333	9757755.6022409
modeloA	953	7770000	9755669.8146205
modeloA	954	12670000	9758724.66806429
modeloA	955	9183333.33333333	9758122.16404887
modeloA	956	9443333.33333333	9757792.88702929
modeloA	957	6893333.33333333	9754799.72135145
modeloA	958	7756666.66666667	9752713.9874739
modeloA	959	10906666.6666667	9753917.27493917
modeloA	960	9320000	9753465.27777778
modeloA	961	7273333.33333333	9750884.49531738
modeloA	962	9053333.33333333	9750159.39015939
modeloA	963	8050000	9748393.90792662
modeloA	964	8336666.66666667	9746929.46058091
modeloA	965	9366666.66666667	9746535.40587219
modeloA	966	11563333.3333333	9748416.14906832
modeloA	967	7373333.33333333	9745960.01378835
modeloA	968	9086666.66666667	9745278.92561983
modeloA	969	9110000	9744623.32301342
modeloA	970	7766666.66666667	9742584.19243986
modeloA	971	10453333.3333333	9743316.16889804
modeloA	972	7536666.66666667	9741045.95336077
modeloA	973	9313333.33333333	9740606.37204522
modeloA	974	10276666.6666667	9741156.74195756
modeloA	975	8516666.66666667	9739900.85470086
modeloA	976	8556666.66666667	9738688.52459016
modeloA	977	7873333.33333333	9736779.25622654
modeloA	978	9616666.66666667	9736656.44171779
modeloA	979	10463333.3333333	9737398.70616275
modeloA	980	10773333.3333333	9738455.78231293
modeloA	981	8673333.33333333	9737370.03058104
modeloA	982	6540000	9734114.05295316
modeloA	983	11353333.3333333	9735761.27500848
modeloA	984	9040000	9735054.20054201
modeloA	985	11110000	9736450.08460237
modeloA	986	10903333.3333333	9737633.53617309
modeloA	987	9196666.66666667	9737085.44410672
modeloA	988	9780000	9737128.87989204
modeloA	989	7290000	9734654.53319852
modeloA	990	11713333.3333333	9736653.1986532
modeloA	991	9953333.33333333	9736871.84661958
modeloA	992	7633333.33333333	9734751.34408602
modeloA	993	8916666.66666667	9733927.49244713
modeloA	994	9473333.33333333	9733665.32528504
modeloA	995	9293333.33333333	9733222.78056952
modeloA	996	9933333.33333333	9733423.69477912
modeloA	997	9210000	9732898.69608826
modeloA	998	8833333.33333333	9731997.32798931
modeloA	999	5810000	9728071.40473807
modeloA	1000	8100000	9726443.33333333
modeloB	1	7953333.33333333	7953333.33333333
modeloB	2	5420000	6686666.66666667
modeloB	3	13236666.6666667	8870000
modeloB	4	8393333.33333333	8750833.33333333
modeloB	5	9220000	8844666.66666667
modeloB	6	12166666.6666667	9398333.33333333
modeloB	7	8210000	9228571.42857143
modeloB	8	9546666.66666667	9268333.33333333
modeloB	9	12550000	9632962.96296296
modeloB	10	9110000	9580666.66666667
modeloB	11	10253333.3333333	9641818.18181818
modeloB	12	8400000	9538333.33333333
modeloB	13	10163333.3333333	9586410.25641026
modeloB	14	9956666.66666667	9612857.14285714
modeloB	15	7376666.66666667	9463777.77777778
modeloB	16	10083333.3333333	9502500
modeloB	17	8186666.66666667	9425098.03921569
modeloB	18	11150000	9520925.92592593
modeloB	19	9763333.33333333	9533684.21052632
modeloB	20	11416666.6666667	9627833.33333333
modeloB	21	8506666.66666667	9574444.44444444
modeloB	22	8673333.33333333	9533484.84848485
modeloB	23	8056666.66666667	9469275.36231884
modeloB	24	8393333.33333333	9424444.44444445
modeloB	25	11133333.3333333	9492800
modeloB	26	8030000	9436538.46153846
modeloB	27	10823333.3333333	9487901.2345679
modeloB	28	11816666.6666667	9571071.42857143
modeloB	29	11686666.6666667	9644022.98850575
modeloB	30	11240000	9697222.22222222
modeloB	31	8183333.33333333	9648387.09677419
modeloB	32	9103333.33333333	9631354.16666667
modeloB	33	9403333.33333333	9624444.44444445
modeloB	34	11430000	9677549.01960784
modeloB	35	10163333.3333333	9691428.57142857
modeloB	36	11810000	9750277.77777778
modeloB	37	8186666.66666667	9708018.01801802
modeloB	38	9153333.33333333	9693421.05263158
modeloB	39	12460000	9764358.97435897
modeloB	40	9506666.66666667	9757916.66666667
modeloB	41	10046666.6666667	9764959.3495935
modeloB	42	12090000	9820317.46031746
modeloB	43	11046666.6666667	9848837.20930232
modeloB	44	8636666.66666667	9821287.87878788
modeloB	45	8783333.33333333	9798222.22222222
modeloB	46	9996666.66666667	9802536.23188406
modeloB	47	8330000	9771205.67375887
modeloB	48	8126666.66666667	9736944.44444445
modeloB	49	9093333.33333333	9723809.52380952
modeloB	50	7863333.33333333	9686600
modeloB	51	10206666.6666667	9696797.38562092
modeloB	52	7776666.66666667	9659871.7948718
modeloB	53	9330000	9653647.79874214
modeloB	54	10360000	9666728.39506173
modeloB	55	9973333.33333333	9672303.03030303
modeloB	56	9783333.33333333	9674285.71428571
modeloB	57	11193333.3333333	9700935.67251462
modeloB	58	9796666.66666667	9702586.20689655
modeloB	59	9330000	9696271.18644068
modeloB	60	10036666.6666667	9701944.44444444
modeloB	61	9486666.66666667	9698415.30054645
modeloB	62	12396666.6666667	9741935.48387097
modeloB	63	10720000	9757460.31746032
modeloB	64	11983333.3333333	9792239.58333333
modeloB	65	9153333.33333333	9782410.25641026
modeloB	66	10776666.6666667	9797474.74747475
modeloB	67	7520000	9763482.58706468
modeloB	68	7813333.33333333	9734803.92156863
modeloB	69	10483333.3333333	9745652.17391304
modeloB	70	9053333.33333333	9735761.9047619
modeloB	71	10033333.3333333	9739953.05164319
modeloB	72	9470000	9736203.7037037
modeloB	73	9850000	9737762.55707762
modeloB	74	10066666.6666667	9742207.20720721
modeloB	75	10256666.6666667	9749066.66666667
modeloB	76	10480000	9758684.21052632
modeloB	77	9960000	9761298.7012987
modeloB	78	8746666.66666667	9748290.5982906
modeloB	79	9926666.66666667	9750548.52320675
modeloB	80	7956666.66666667	9728125
modeloB	81	9136666.66666667	9720823.04526749
modeloB	82	9163333.33333333	9714024.3902439
modeloB	83	10166666.6666667	9719477.91164659
modeloB	84	9033333.33333333	9711309.52380952
modeloB	85	7783333.33333333	9688627.45098039
modeloB	86	10953333.3333333	9703333.33333333
modeloB	87	10796666.6666667	9715900.38314176
modeloB	88	9816666.66666667	9717045.45454545
modeloB	89	10806666.6666667	9729288.38951311
modeloB	90	9313333.33333333	9724666.66666667
modeloB	91	10143333.3333333	9729267.3992674
modeloB	92	10246666.6666667	9734891.30434783
modeloB	93	10493333.3333333	9743046.59498208
modeloB	94	10673333.3333333	9752943.26241135
modeloB	95	10080000	9756385.96491228
modeloB	96	12136666.6666667	9781180.55555556
modeloB	97	8166666.66666667	9764536.08247423
modeloB	98	9136666.66666667	9758129.25170068
modeloB	99	6703333.33333333	9727272.72727273
modeloB	100	8620000	9716200
modeloB	101	12310000	9741881.18811881
modeloB	102	9576666.66666667	9740261.4379085
modeloB	103	9050000	9733559.87055016
modeloB	104	8730000	9723910.25641026
modeloB	105	9643333.33333333	9723142.85714286
modeloB	106	11316666.6666667	9738176.10062893
modeloB	107	9906666.66666667	9739750.7788162
modeloB	108	7963333.33333333	9723302.4691358
modeloB	109	8420000	9711345.56574924
modeloB	110	10286666.6666667	9716575.75757576
modeloB	111	10533333.3333333	9723933.93393393
modeloB	112	9143333.33333333	9718750
modeloB	113	8410000	9707168.14159292
modeloB	114	8143333.33333333	9693450.29239766
modeloB	115	10923333.3333333	9704144.92753623
modeloB	116	10866666.6666667	9714166.66666667
modeloB	117	9660000	9713703.7037037
modeloB	118	9616666.66666667	9712881.3559322
modeloB	119	11270000	9725966.38655462
modeloB	120	9350000	9722833.33333333
modeloB	121	8410000	9711983.47107438
modeloB	122	9370000	9709180.32786885
modeloB	123	10370000	9714552.84552846
modeloB	124	8536666.66666667	9705053.76344086
modeloB	125	9533333.33333333	9703680
modeloB	126	10423333.3333333	9709391.53439154
modeloB	127	11426666.6666667	9722913.38582677
modeloB	128	10313333.3333333	9727526.04166667
modeloB	129	10463333.3333333	9733229.97416021
modeloB	130	7926666.66666667	9719333.33333333
modeloB	131	11233333.3333333	9730890.58524173
modeloB	132	10126666.6666667	9733888.88888889
modeloB	133	7280000	9715438.59649123
modeloB	134	9833333.33333333	9716318.4079602
modeloB	135	7276666.66666667	9698246.91358025
modeloB	136	11280000	9709877.45098039
modeloB	137	8063333.33333333	9697858.88077859
modeloB	138	7620000	9682801.93236715
modeloB	139	11090000	9692925.65947242
modeloB	140	7673333.33333333	9678500
modeloB	141	9390000	9676453.90070922
modeloB	142	7410000	9660492.95774648
modeloB	143	9996666.66666667	9662843.82284382
modeloB	144	10520000	9668796.2962963
modeloB	145	9376666.66666667	9666781.6091954
modeloB	146	10176666.6666667	9670273.97260274
modeloB	147	10716666.6666667	9677392.29024943
modeloB	148	11080000	9686869.36936937
modeloB	149	11236666.6666667	9697270.6935123
modeloB	150	12133333.3333333	9713511.11111111
modeloB	151	10236666.6666667	9716975.71743929
modeloB	152	10753333.3333333	9723793.85964912
modeloB	153	9950000	9725272.33115468
modeloB	154	10840000	9732510.82251082
modeloB	155	10836666.6666667	9739634.40860215
modeloB	156	9276666.66666667	9736666.66666667
modeloB	157	8813333.33333333	9730785.5626327
modeloB	158	7120000	9714261.60337553
modeloB	159	8773333.33333333	9708343.81551363
modeloB	160	9506666.66666667	9707083.33333333
modeloB	161	11433333.3333333	9717805.38302277
modeloB	162	6220000	9696213.99176955
modeloB	163	10710000	9702433.53783231
modeloB	164	8860000	9697296.74796748
modeloB	165	7553333.33333333	9684303.03030303
modeloB	166	8830000	9679156.62650602
modeloB	167	8413333.33333333	9671576.84630739
modeloB	168	9360000	9669722.22222222
modeloB	169	12643333.3333333	9687317.55424063
modeloB	170	12406666.6666667	9703313.7254902
modeloB	171	10240000	9706452.2417154
modeloB	172	9793333.33333333	9706957.36434108
modeloB	173	11236666.6666667	9715799.61464355
modeloB	174	11803333.3333333	9727796.9348659
modeloB	175	8236666.66666667	9719276.19047619
modeloB	176	6566666.66666667	9701363.63636364
modeloB	177	9186666.66666667	9698455.74387947
modeloB	178	10926666.6666667	9705355.80524345
modeloB	179	10596666.6666667	9710335.19553072
modeloB	180	11486666.6666667	9720203.7037037
modeloB	181	9393333.33333333	9718397.79005525
modeloB	182	8400000	9711153.84615385
modeloB	183	8063333.33333333	9702149.36247723
modeloB	184	10696666.6666667	9707554.34782609
modeloB	185	9373333.33333333	9705747.74774775
modeloB	186	9206666.66666667	9703064.51612903
modeloB	187	11126666.6666667	9710677.36185383
modeloB	188	8956666.66666667	9706666.66666667
modeloB	189	10383333.3333333	9710246.91358025
modeloB	190	9516666.66666667	9709228.07017544
modeloB	191	10660000	9714205.93368237
modeloB	192	9060000	9710798.61111111
modeloB	193	9043333.33333333	9707340.2417962
modeloB	194	11533333.3333333	9716752.57731959
modeloB	195	8133333.33333333	9708632.47863248
modeloB	196	10330000	9711802.72108844
modeloB	197	9880000	9712656.5143824
modeloB	198	9226666.66666667	9710202.02020202
modeloB	199	9490000	9709095.47738694
modeloB	200	7390000	9697500
modeloB	201	11936666.6666667	9708640.13266998
modeloB	202	8163333.33333333	9700990.0990099
modeloB	203	9203333.33333333	9698538.58784893
modeloB	204	10600000	9702957.51633987
modeloB	205	10250000	9705626.01626016
modeloB	206	12326666.6666667	9718349.51456311
modeloB	207	7440000	9707342.99516908
modeloB	208	10803333.3333333	9712612.17948718
modeloB	209	11543333.3333333	9721371.6108453
modeloB	210	9650000	9721031.74603175
modeloB	211	9376666.66666667	9719399.68404423
modeloB	212	9696666.66666667	9719292.45283019
modeloB	213	10686666.6666667	9723834.11580595
modeloB	214	9280000	9721760.12461059
modeloB	215	10316666.6666667	9724527.13178295
modeloB	216	8276666.66666667	9717824.07407407
modeloB	217	8823333.33333333	9713701.9969278
modeloB	218	9423333.33333333	9712370.03058104
modeloB	219	11536666.6666667	9720700.152207
modeloB	220	9906666.66666667	9721545.45454545
modeloB	221	9986666.66666667	9722745.09803922
modeloB	222	11453333.3333333	9730540.54054054
modeloB	223	10963333.3333333	9736068.7593423
modeloB	224	9860000	9736622.02380952
modeloB	225	8826666.66666667	9732577.77777778
modeloB	226	7030000	9720619.46902655
modeloB	227	11123333.3333333	9726798.82525697
modeloB	228	7643333.33333333	9717660.81871345
modeloB	229	8170000	9710902.47452693
modeloB	230	10866666.6666667	9715927.53623188
modeloB	231	11860000	9725209.23520923
modeloB	232	9800000	9725531.6091954
modeloB	233	9436666.66666667	9724291.84549356
modeloB	234	8566666.66666667	9719344.72934473
modeloB	235	9730000	9719390.07092199
modeloB	236	11913333.3333333	9728686.44067797
modeloB	237	11913333.3333333	9737904.36005626
modeloB	238	9443333.33333333	9736666.66666667
modeloB	239	10226666.6666667	9738716.87587169
modeloB	240	10673333.3333333	9742611.11111111
modeloB	241	10833333.3333333	9747136.92946058
modeloB	242	9053333.33333333	9744269.97245179
modeloB	243	9553333.33333333	9743484.22496571
modeloB	244	10360000	9746010.92896175
modeloB	245	10313333.3333333	9748326.53061224
modeloB	246	9156666.66666667	9745921.40921409
modeloB	247	7130000	9735330.634278
modeloB	248	11810000	9743696.23655914
modeloB	249	9403333.33333333	9742329.31726907
modeloB	250	10446666.6666667	9745146.66666667
modeloB	251	11653333.3333333	9752749.00398406
modeloB	252	8713333.33333333	9748624.33862434
modeloB	253	9116666.66666667	9746126.48221344
modeloB	254	6446666.66666667	9733136.48293963
modeloB	255	8960000	9730104.5751634
modeloB	256	9933333.33333333	9730898.4375
modeloB	257	10646666.6666667	9734461.73800259
modeloB	258	8503333.33333333	9729689.92248062
modeloB	259	9650000	9729382.23938224
modeloB	260	8376666.66666667	9724179.48717949
modeloB	261	11726666.6666667	9731851.85185185
modeloB	262	9963333.33333333	9732735.36895674
modeloB	263	10380000	9735196.45120406
modeloB	264	8046666.66666667	9728800.50505051
modeloB	265	7153333.33333333	9719081.76100629
modeloB	266	8456666.66666667	9714335.839599
modeloB	267	8930000	9711398.25218477
modeloB	268	10936666.6666667	9715970.14925373
modeloB	269	9340000	9714572.49070632
modeloB	270	8850000	9711370.37037037
modeloB	271	9720000	9711402.21402214
modeloB	272	9936666.66666667	9712230.39215686
modeloB	273	8366666.66666667	9707301.58730159
modeloB	274	11220000	9712822.38442822
modeloB	275	9176666.66666667	9710872.72727273
modeloB	276	11210000	9716304.34782609
modeloB	277	9870000	9716859.20577617
modeloB	278	9546666.66666667	9716247.00239808
modeloB	279	9223333.33333333	9714480.28673835
modeloB	280	10306666.6666667	9716595.23809524
modeloB	281	9456666.66666667	9715670.22538553
modeloB	282	8260000	9710508.27423168
modeloB	283	10290000	9712555.94817432
modeloB	284	11653333.3333333	9719389.6713615
modeloB	285	10950000	9723707.60233918
modeloB	286	10330000	9725827.50582751
modeloB	287	10656666.6666667	9729070.84785134
modeloB	288	7673333.33333333	9721932.87037037
modeloB	289	10773333.3333333	9725570.93425605
modeloB	290	9473333.33333333	9724701.14942529
modeloB	291	10600000	9727709.04925544
modeloB	292	11733333.3333333	9734577.62557078
modeloB	293	9806666.66666667	9734823.6632537
modeloB	294	8933333.33333333	9732097.50566893
modeloB	295	10113333.3333333	9733389.83050847
modeloB	296	9176666.66666667	9731509.00900901
modeloB	297	8473333.33333333	9727272.72727273
modeloB	298	9320000	9725906.04026846
modeloB	299	12056666.6666667	9733701.22630992
modeloB	300	10600000	9736588.88888889
modeloB	301	8906666.66666667	9733831.67220376
modeloB	302	11556666.6666667	9739867.54966887
modeloB	303	8700000	9736435.64356436
modeloB	304	11336666.6666667	9741699.56140351
modeloB	305	9743333.33333333	9741704.91803279
modeloB	306	9036666.66666667	9739400.8714597
modeloB	307	10946666.6666667	9743333.33333333
modeloB	308	8206666.66666667	9738344.15584416
modeloB	309	9976666.66666667	9739115.42610572
modeloB	310	9066666.66666667	9736946.23655914
modeloB	311	8060000	9731554.12647374
modeloB	312	8800000	9728568.37606838
modeloB	313	12973333.3333333	9738935.03727369
modeloB	314	11483333.3333333	9744490.44585987
modeloB	315	10253333.3333333	9746105.82010582
modeloB	316	7740000	9739757.38396624
modeloB	317	11163333.3333333	9744248.15983176
modeloB	318	9420000	9743228.5115304
modeloB	319	9616666.66666667	9742831.76593521
modeloB	320	8180000	9737947.91666667
modeloB	321	10740000	9741069.57424714
modeloB	322	7933333.33333333	9735455.48654244
modeloB	323	9153333.33333333	9733653.25077399
modeloB	324	6760000	9724475.30864198
modeloB	325	11923333.3333333	9731241.02564103
modeloB	326	7446666.66666667	9724233.12883435
modeloB	327	11670000	9730183.48623853
modeloB	328	10986666.6666667	9734014.22764228
modeloB	329	9590000	9733576.49442756
modeloB	330	12426666.6666667	9741737.37373737
modeloB	331	11110000	9745871.09768379
modeloB	332	10676666.6666667	9748674.69879518
modeloB	333	8883333.33333333	9746076.07607608
modeloB	334	10423333.3333333	9748103.79241517
modeloB	335	10640000	9750766.16915423
modeloB	336	11496666.6666667	9755962.3015873
modeloB	337	8410000	9751968.34817013
modeloB	338	8576666.66666667	9748491.12426035
modeloB	339	10186666.6666667	9749783.67748279
modeloB	340	8970000	9747490.19607843
modeloB	341	10430000	9749491.69110459
modeloB	342	10250000	9750955.16569201
modeloB	343	11756666.6666667	9756802.72108844
modeloB	344	8743333.33333333	9753856.58914729
modeloB	345	9100000	9751961.35265701
modeloB	346	12086666.6666667	9758709.05587669
modeloB	347	8416666.66666667	9754841.49855908
modeloB	348	9553333.33333333	9754262.45210728
modeloB	349	10620000	9756743.07545368
modeloB	350	9293333.33333333	9755419.04761905
modeloB	351	7636666.66666667	9749382.71604938
modeloB	352	9323333.33333333	9748172.34848485
modeloB	353	10160000	9749338.99905571
modeloB	354	8603333.33333333	9746101.69491525
modeloB	355	8313333.33333333	9742065.72769953
modeloB	356	9823333.33333333	9742294.00749064
modeloB	357	6293333.33333333	9732633.05322129
modeloB	358	10440000	9734608.93854749
modeloB	359	9963333.33333333	9735246.0538533
modeloB	360	9956666.66666667	9735861.11111111
modeloB	361	10680000	9738476.45429363
modeloB	362	8936666.66666667	9736261.51012891
modeloB	363	9890000	9736685.03213958
modeloB	364	10786666.6666667	9739569.5970696
modeloB	365	10036666.6666667	9740383.56164384
modeloB	366	11690000	9745710.38251366
modeloB	367	10463333.3333333	9747665.75840145
modeloB	368	10250000	9749030.79710145
modeloB	369	9440000	9748193.31526649
modeloB	370	8686666.66666667	9745324.32432432
modeloB	371	9356666.66666667	9744276.72955975
modeloB	372	9960000	9744856.63082437
modeloB	373	10263333.3333333	9746246.64879356
modeloB	374	9823333.33333333	9746452.76292335
modeloB	375	7613333.33333333	9740764.44444445
modeloB	376	9243333.33333333	9739441.4893617
modeloB	377	8813333.33333333	9736984.96905394
modeloB	378	8736666.66666667	9734338.62433862
modeloB	379	10236666.6666667	9735664.02814424
modeloB	380	10910000	9738754.38596491
modeloB	381	7783333.33333333	9733622.04724409
modeloB	382	11293333.3333333	9737705.06108202
modeloB	383	10143333.3333333	9738764.14273281
modeloB	384	9133333.33333333	9737187.5
modeloB	385	7550000	9731506.49350649
modeloB	386	9683333.33333333	9731381.6925734
modeloB	387	7633333.33333333	9725960.37898363
modeloB	388	10486666.6666667	9727920.96219931
modeloB	389	10120000	9728928.87746358
modeloB	390	11003333.3333333	9732196.58119658
modeloB	391	8830000	9729889.17306053
modeloB	392	11096666.6666667	9733375.85034014
modeloB	393	8533333.33333333	9730322.30703986
modeloB	394	10200000	9731514.38240271
modeloB	395	9266666.66666667	9730337.55274262
modeloB	396	11396666.6666667	9734545.45454545
modeloB	397	8680000	9731889.16876574
modeloB	398	10023333.3333333	9732621.44053601
modeloB	399	8680000	9729983.29156224
modeloB	400	8236666.66666667	9726250
modeloB	401	7890000	9721670.82294264
modeloB	402	8263333.33333333	9718043.11774461
modeloB	403	10223333.3333333	9719296.93961952
modeloB	404	8646666.66666667	9716641.91419142
modeloB	405	10280000	9718032.9218107
modeloB	406	8780000	9715722.49589491
modeloB	407	9116666.66666667	9714250.61425061
modeloB	408	9883333.33333333	9714665.03267974
modeloB	409	11256666.6666667	9718435.20782396
modeloB	410	10620000	9720634.14634147
modeloB	411	9173333.33333333	9719302.51419303
modeloB	412	11156666.6666667	9722791.26213592
modeloB	413	9670000	9722663.43825666
modeloB	414	10946666.6666667	9725619.96779388
modeloB	415	9336666.66666667	9724682.73092369
modeloB	416	10833333.3333333	9727347.75641026
modeloB	417	7960000	9723109.51239009
modeloB	418	9356666.66666667	9722232.85486443
modeloB	419	9176666.66666667	9720930.7875895
modeloB	420	8703333.33333333	9718507.93650794
modeloB	421	9780000	9718653.99841647
modeloB	422	11733333.3333333	9723428.12006319
modeloB	423	9943333.33333333	9723947.99054373
modeloB	424	9540000	9723514.1509434
modeloB	425	9416666.66666667	9722792.15686275
modeloB	426	9596666.66666667	9722496.08763693
modeloB	427	11590000	9726869.63309914
modeloB	428	7943333.33333333	9722702.49221184
modeloB	429	9090000	9721227.66122766
modeloB	430	10993333.3333333	9724186.04651163
modeloB	431	10570000	9726148.49187935
modeloB	432	8360000	9722986.11111111
modeloB	433	9843333.33333333	9723264.04926867
modeloB	434	9786666.66666667	9723410.13824885
modeloB	435	10246666.6666667	9724613.02681992
modeloB	436	8703333.33333333	9722270.64220183
modeloB	437	9186666.66666667	9721045.00381388
modeloB	438	8973333.33333333	9719337.89954338
modeloB	439	10650000	9721457.85876993
modeloB	440	9293333.33333333	9720484.84848485
modeloB	441	9553333.33333333	9720105.82010582
modeloB	442	8843333.33333333	9718122.1719457
modeloB	443	11160000	9721376.9751693
modeloB	444	11503333.3333333	9725390.39039039
modeloB	445	9200000	9724209.73782772
modeloB	446	11216666.6666667	9727556.05381166
modeloB	447	11330000	9731140.93959732
modeloB	448	11086666.6666667	9734166.66666667
modeloB	449	8766666.66666667	9732011.87824796
modeloB	450	9303333.33333333	9731059.25925926
modeloB	451	9663333.33333333	9730909.09090909
modeloB	452	9926666.66666667	9731342.18289086
modeloB	453	10746666.6666667	9733583.51729213
modeloB	454	10290000	9734809.10425844
modeloB	455	11203333.3333333	9738036.63003663
modeloB	456	11783333.3333333	9742521.92982456
modeloB	457	10060000	9743216.63019694
modeloB	458	9523333.33333333	9742736.5356623
modeloB	459	5340000	9733144.51706609
modeloB	460	9873333.33333333	9733449.27536232
modeloB	461	11993333.3333333	9738351.40997831
modeloB	462	10556666.6666667	9740122.65512266
modeloB	463	11026666.6666667	9742901.36789057
modeloB	464	12490000	9748821.83908046
modeloB	465	7646666.66666667	9744301.07526882
modeloB	466	10073333.3333333	9745007.15307582
modeloB	467	11320000	9748379.72876517
modeloB	468	7140000	9742806.26780627
modeloB	469	7370000	9737746.97938877
modeloB	470	10603333.3333333	9739588.65248227
modeloB	471	10693333.3333333	9741613.5881104
modeloB	472	9623333.33333333	9741362.99435028
modeloB	473	11900000	9745926.70894997
modeloB	474	11290000	9749184.24753868
modeloB	475	10560000	9750891.22807018
modeloB	476	9323333.33333333	9749992.99719888
modeloB	477	9656666.66666667	9749797.34451433
modeloB	478	11866666.6666667	9754225.94142259
modeloB	479	8383333.33333333	9751363.95267919
modeloB	480	10623333.3333333	9753180.55555556
modeloB	481	6773333.33333333	9746985.44698545
modeloB	482	9466666.66666667	9746403.87275242
modeloB	483	7810000	9742394.75500345
modeloB	484	9930000	9742782.36914601
modeloB	485	11870000	9747168.38487972
modeloB	486	10076666.6666667	9747846.3648834
modeloB	487	10756666.6666667	9749917.86447639
modeloB	488	10460000	9751372.95081967
modeloB	489	11253333.3333333	9754444.44444445
modeloB	490	11576666.6666667	9758163.26530612
modeloB	491	12330000	9763401.22199593
modeloB	492	10653333.3333333	9765210.02710027
modeloB	493	11393333.3333333	9768512.50845166
modeloB	494	10780000	9770560.05398111
modeloB	495	10850000	9772740.74074074
modeloB	496	11886666.6666667	9777002.68817204
modeloB	497	11010000	9779483.56807512
modeloB	498	9243333.33333333	9778406.96117805
modeloB	499	9350000	9777548.43019372
modeloB	500	11566666.6666667	9781126.66666667
modeloB	501	9046666.66666667	9779660.67864271
modeloB	502	10083333.3333333	9780265.60424967
modeloB	503	8426666.66666667	9777574.5526839
modeloB	504	10150000	9778313.49206349
modeloB	505	8013333.33333333	9774818.48184819
modeloB	506	11223333.3333333	9777681.15942029
modeloB	507	9596666.66666667	9777324.12886259
modeloB	508	12293333.3333333	9782276.90288714
modeloB	509	10123333.3333333	9782946.95481336
modeloB	510	9490000	9782372.54901961
modeloB	511	10770000	9784305.28375734
modeloB	512	8383333.33333333	9781569.01041667
modeloB	513	10120000	9782228.71994802
modeloB	514	10863333.3333333	9784332.03631647
modeloB	515	10816666.6666667	9786336.56957929
modeloB	516	8583333.33333333	9784005.16795866
modeloB	517	9920000	9784268.21405545
modeloB	518	9616666.66666667	9783944.65894466
modeloB	519	6040000	9776730.89274245
modeloB	520	10726666.6666667	9778557.69230769
modeloB	521	9090000	9777236.08445297
modeloB	522	10810000	9779214.55938697
modeloB	523	9590000	9778852.77246654
modeloB	524	10046666.6666667	9779363.86768448
modeloB	525	9496666.66666667	9778825.3968254
modeloB	526	8860000	9777078.58048162
modeloB	527	8356666.66666667	9774383.30170778
modeloB	528	10830000	9776382.57575757
modeloB	529	9210000	9775311.90926276
modeloB	530	10573333.3333333	9776817.61006289
modeloB	531	10793333.3333333	9778731.95229127
modeloB	532	11026666.6666667	9781077.69423559
modeloB	533	8950000	9779518.44903065
modeloB	534	7956666.66666667	9776104.86891386
modeloB	535	11763333.3333333	9779819.31464175
modeloB	536	11046666.6666667	9782182.83582089
modeloB	537	8246666.66666667	9779323.4016139
modeloB	538	12506666.6666667	9784392.81288724
modeloB	539	10050000	9784885.59059988
modeloB	540	8536666.66666667	9782574.07407407
modeloB	541	8953333.33333333	9781041.28157733
modeloB	542	10736666.6666667	9782804.42804428
modeloB	543	9713333.33333333	9782676.48864334
modeloB	544	8283333.33333333	9779920.34313725
modeloB	545	11543333.3333333	9783155.96330275
modeloB	546	11716666.6666667	9786697.19169719
modeloB	547	9430000	9786045.0944546
modeloB	548	8293333.33333333	9783321.16788321
modeloB	549	7960000	9780000
modeloB	550	11916666.6666667	9783884.84848485
modeloB	551	8763333.33333333	9782032.66787659
modeloB	552	10580000	9783478.26086956
modeloB	553	11430000	9786455.69620253
modeloB	554	11836666.6666667	9790156.43802648
modeloB	555	9500000	9789633.63363363
modeloB	556	12123333.3333333	9793830.9352518
modeloB	557	7990000	9790592.45960503
modeloB	558	9246666.66666667	9789617.68219833
modeloB	559	11503333.3333333	9792683.36314848
modeloB	560	9590000	9792321.42857143
modeloB	561	8723333.33333333	9790415.92394534
modeloB	562	10903333.3333333	9792396.20403321
modeloB	563	9270000	9791468.32445234
modeloB	564	12326666.6666667	9795963.356974
modeloB	565	9200000	9794908.55457227
modeloB	566	10470000	9796101.29564193
modeloB	567	10310000	9797007.6425632
modeloB	568	9740000	9796907.27699531
modeloB	569	8473333.33333333	9794581.13649678
modeloB	570	11370000	9797345.02923977
modeloB	571	9736666.66666667	9797238.76240514
modeloB	572	9213333.33333333	9796217.94871795
modeloB	573	9686666.66666667	9796026.75974404
modeloB	574	9390000	9795319.3960511
modeloB	575	11986666.6666667	9799130.43478261
modeloB	576	10390000	9800156.25
modeloB	577	9976666.66666667	9800462.16060081
modeloB	578	8626666.66666667	9798431.37254902
modeloB	579	10186666.6666667	9799101.89982729
modeloB	580	5633333.33333333	9791919.54022989
modeloB	581	10386666.6666667	9792943.20137694
modeloB	582	10486666.6666667	9794135.16609393
modeloB	583	10630000	9795568.89651229
modeloB	584	11546666.6666667	9798567.35159817
modeloB	585	9243333.33333333	9797618.23361823
modeloB	586	11826666.6666667	9801080.77360637
modeloB	587	9296666.66666667	9800221.46507666
modeloB	588	11276666.6666667	9802732.42630386
modeloB	589	9013333.33333333	9801392.1901528
modeloB	590	7950000	9798254.23728814
modeloB	591	9473333.33333333	9797704.45572476
modeloB	592	8610000	9795698.1981982
modeloB	593	10333333.3333333	9796604.8341765
modeloB	594	7646666.66666667	9792985.40965208
modeloB	595	10590000	9794324.92997199
modeloB	596	10833333.3333333	9796068.23266219
modeloB	597	7336666.66666667	9791948.63204914
modeloB	598	8213333.33333333	9789308.80713489
modeloB	599	9596666.66666667	9788987.20089037
modeloB	600	7736666.66666667	9785566.66666667
modeloB	601	10603333.3333333	9786927.34331669
modeloB	602	10216666.6666667	9787641.19601329
modeloB	603	7006666.66666667	9783029.29795467
modeloB	604	9200000	9782064.01766004
modeloB	605	11223333.3333333	9784446.28099173
modeloB	606	9990000	9784785.47854785
modeloB	607	9506666.66666667	9784327.29269632
modeloB	608	13533333.3333333	9790493.42105263
modeloB	609	11223333.3333333	9792846.19594964
modeloB	610	12450000	9797202.18579235
modeloB	611	10420000	9798221.49481724
modeloB	612	9736666.66666667	9798120.91503268
modeloB	613	8503333.33333333	9796008.70038064
modeloB	614	9953333.33333333	9796264.92942454
modeloB	615	8163333.33333333	9793609.75609756
modeloB	616	10173333.3333333	9794226.19047619
modeloB	617	9693333.33333333	9794062.66882766
modeloB	618	8330000	9791693.63538296
modeloB	619	9186666.66666667	9790716.20893915
modeloB	620	11243333.3333333	9793059.13978495
modeloB	621	9320000	9792297.3698336
modeloB	622	9450000	9791747.05251876
modeloB	623	9610000	9791455.32370252
modeloB	624	8300000	9789065.17094017
modeloB	625	7850000	9785962.66666667
modeloB	626	10063333.3333333	9786405.75079872
modeloB	627	9470000	9785901.11642743
modeloB	628	12720000	9790573.24840764
modeloB	629	9233333.33333333	9789687.33439322
modeloB	630	10063333.3333333	9790121.69312169
modeloB	631	11303333.3333333	9792519.80982567
modeloB	632	9386666.66666667	9791877.6371308
modeloB	633	11736666.6666667	9794949.97367035
modeloB	634	10710000	9796393.27024185
modeloB	635	8823333.33333333	9794860.89238845
modeloB	636	10706666.6666667	9796294.54926625
modeloB	637	10590000	9797540.55468341
modeloB	638	6206666.66666667	9791912.22570533
modeloB	639	10816666.6666667	9793515.91027647
modeloB	640	13106666.6666667	9798692.70833333
modeloB	641	9293333.33333333	9797904.31617265
modeloB	642	9653333.33333333	9797679.12772586
modeloB	643	10406666.6666667	9798626.23120788
modeloB	644	10530000	9799761.9047619
modeloB	645	9600000	9799452.19638243
modeloB	646	8963333.33333333	9798157.89473684
modeloB	647	10103333.3333333	9798629.57238537
modeloB	648	9760000	9798569.95884774
modeloB	649	9036666.66666667	9797395.99383667
modeloB	650	11716666.6666667	9800348.71794872
modeloB	651	10470000	9801377.36815156
modeloB	652	6293333.33333333	9795996.93251534
modeloB	653	7296666.66666667	9792169.47422154
modeloB	654	10380000	9793068.29765545
modeloB	655	9326666.66666667	9792356.23409669
modeloB	656	8040000	9789684.95934959
modeloB	657	10120000	9790187.72196854
modeloB	658	10156666.6666667	9790744.68085106
modeloB	659	11256666.6666667	9792969.14516945
modeloB	660	8676666.66666667	9791277.77777778
modeloB	661	8750000	9789702.47100353
modeloB	662	11523333.3333333	9792321.24874119
modeloB	663	7633333.33333333	9789064.85671191
modeloB	664	9783333.33333333	9789056.2248996
modeloB	665	8533333.33333333	9787167.9197995
modeloB	666	9576666.66666667	9786851.85185185
modeloB	667	8886666.66666667	9785502.24887556
modeloB	668	11626666.6666667	9788258.48303393
modeloB	669	10946666.6666667	9789990.03487793
modeloB	670	7516666.66666667	9786597.01492537
modeloB	671	8243333.33333333	9784297.06905117
modeloB	672	10120000	9784796.62698413
modeloB	673	7943333.33333333	9782060.42595344
modeloB	674	10113333.3333333	9782551.92878338
modeloB	675	10316666.6666667	9783343.20987654
modeloB	676	10386666.6666667	9784235.70019724
modeloB	677	9020000	9783106.84391925
modeloB	678	8310000	9780934.11996067
modeloB	679	8760000	9779430.53510064
modeloB	680	9783333.33333333	9779436.2745098
modeloB	681	9736666.66666667	9779373.47038669
modeloB	682	8916666.66666667	9778108.50439883
modeloB	683	9590000	9777833.08931186
modeloB	684	12580000	9781929.8245614
modeloB	685	6436666.66666667	9777046.22871046
modeloB	686	8806666.66666667	9775631.68124393
modeloB	687	10466666.6666667	9776637.55458515
modeloB	688	8613333.33333333	9774946.70542636
modeloB	689	9843333.33333333	9775045.96032898
modeloB	690	10570000	9776198.06763285
modeloB	691	7013333.33333333	9772199.7105644
modeloB	692	9123333.33333333	9771262.04238921
modeloB	693	8033333.33333333	9768754.20875421
modeloB	694	9110000	9767804.99519693
modeloB	695	9460000	9767362.11031175
modeloB	696	8070000	9764923.37164751
modeloB	697	11223333.3333333	9767015.78192252
modeloB	698	8933333.33333333	9765821.39446036
modeloB	699	9930000	9766056.27086314
modeloB	700	9333333.33333333	9765438.09523809
modeloB	701	10816666.6666667	9766937.70803614
modeloB	702	10486666.6666667	9767962.96296296
modeloB	703	10153333.3333333	9768511.14272167
modeloB	704	7046666.66666667	9764644.88636364
modeloB	705	10986666.6666667	9766378.25059102
modeloB	706	8050000	9763947.11992446
modeloB	707	8090000	9761579.44365865
modeloB	708	9273333.33333333	9760889.83050847
modeloB	709	10626666.6666667	9762110.95439586
modeloB	710	6660000	9757741.78403756
modeloB	711	7703333.33333333	9754852.3206751
modeloB	712	10320000	9755646.06741573
modeloB	713	12226666.6666667	9759111.73445535
modeloB	714	13003333.3333333	9763655.46218487
modeloB	715	9646666.66666667	9763491.84149184
modeloB	716	11390000	9765763.5009311
modeloB	717	7190000	9762171.08321711
modeloB	718	7746666.66666667	9759363.97400186
modeloB	719	9583333.33333333	9759119.14696337
modeloB	720	11530000	9761578.7037037
modeloB	721	6883333.33333333	9757586.6851595
modeloB	722	10286666.6666667	9758319.48291782
modeloB	723	12326666.6666667	9761871.83033656
modeloB	724	9290000	9761220.07366483
modeloB	725	9340000	9760639.08045977
modeloB	726	9440000	9760197.42883379
modeloB	727	11296666.6666667	9762310.86657497
modeloB	728	9620000	9762115.38461538
modeloB	729	8990000	9761056.24142661
modeloB	730	10066666.6666667	9761474.88584475
modeloB	731	9420000	9761007.75193798
modeloB	732	10130000	9761511.83970856
modeloB	733	12500000	9765247.83992724
modeloB	734	11370000	9767434.15077203
modeloB	735	7760000	9764702.94784581
modeloB	736	11070000	9766476.44927536
modeloB	737	10243333.3333333	9767123.47354138
modeloB	738	11990000	9770135.50135501
modeloB	739	11613333.3333333	9772629.67974741
modeloB	740	11116666.6666667	9774445.94594595
modeloB	741	9776666.66666667	9774448.94287
modeloB	742	9740000	9774402.51572327
modeloB	743	8830000	9773131.4490803
modeloB	744	11050000	9774847.6702509
modeloB	745	7373333.33333333	9771624.16107383
modeloB	746	10510000	9772613.94101877
modeloB	747	9763333.33333333	9772601.51717983
modeloB	748	10990000	9774229.05525847
modeloB	749	8900000	9773061.86025812
modeloB	750	11400000	9775231.11111111
modeloB	751	7233333.33333333	9771846.42698624
modeloB	752	7456666.66666667	9768767.73049645
modeloB	753	9590000	9768530.32315184
modeloB	754	8783333.33333333	9767223.69584439
modeloB	755	9343333.33333333	9766662.25165563
modeloB	756	9886666.66666667	9766820.98765432
modeloB	757	11336666.6666667	9768894.76001761
modeloB	758	9143333.33333333	9768069.48109059
modeloB	759	9736666.66666667	9768028.10715854
modeloB	760	10786666.6666667	9769368.42105263
modeloB	761	9830000	9769448.09461235
modeloB	762	9076666.66666667	9768538.93263342
modeloB	763	1.1e+07	9770152.90519878
modeloB	764	8396666.66666667	9768355.14834206
modeloB	765	11390000	9770474.94553377
modeloB	766	11866666.6666667	9773211.48825065
modeloB	767	10450000	9774093.87222947
modeloB	768	8370000	9772265.625
modeloB	769	8386666.66666667	9770463.80580841
modeloB	770	7970000	9768125.54112554
modeloB	771	9403333.33333333	9767652.39948119
modeloB	772	8610000	9766152.84974093
modeloB	773	11553333.3333333	9768464.85554118
modeloB	774	7950000	9766115.41774333
modeloB	775	9063333.33333333	9765208.60215054
modeloB	776	8593333.33333333	9763698.45360825
modeloB	777	6403333.33333333	9759373.65937366
modeloB	778	10866666.6666667	9760796.9151671
modeloB	779	11860000	9763491.65596919
modeloB	780	9786666.66666667	9763521.36752137
modeloB	781	11553333.3333333	9765813.06017926
modeloB	782	9150000	9765025.57544757
modeloB	783	9570000	9764776.50063857
modeloB	784	11636666.6666667	9767164.11564626
modeloB	785	10753333.3333333	9768420.3821656
modeloB	786	8970000	9767404.58015267
modeloB	787	9273333.33333333	9766776.78949598
modeloB	788	10793333.3333333	9768079.52622673
modeloB	789	9803333.33333333	9768124.20785805
modeloB	790	7750000	9765569.62025316
modeloB	791	8813333.33333333	9764365.78171091
modeloB	792	10023333.3333333	9764692.76094276
modeloB	793	9470000	9764321.14333754
modeloB	794	8130000	9762262.80436608
modeloB	795	9393333.33333333	9761798.74213837
modeloB	796	9893333.33333333	9761963.98659966
modeloB	797	10393333.3333333	9762756.16896696
modeloB	798	13150000	9767000.83542189
modeloB	799	11086666.6666667	9768652.4822695
modeloB	800	11303333.3333333	9770570.83333333
modeloB	801	9240000	9769908.44777362
modeloB	802	6720000	9766105.56940981
modeloB	803	10656666.6666667	9767214.61187215
modeloB	804	7303333.33333333	9764150.08291874
modeloB	805	9656666.66666667	9764016.563147
modeloB	806	10800000	9765301.90239868
modeloB	807	9230000	9764638.57909955
modeloB	808	10186666.6666667	9765160.89108911
modeloB	809	11040000	9766736.71199011
modeloB	810	11990000	9769481.48148148
modeloB	811	10996666.6666667	9770994.6568023
modeloB	812	9776666.66666667	9771001.64203612
modeloB	813	10886666.6666667	9772373.92373924
modeloB	814	8356666.66666667	9770634.72563473
modeloB	815	10780000	9771873.21063395
modeloB	816	8536666.66666667	9770359.47712418
modeloB	817	9133333.33333333	9769579.76336189
modeloB	818	8510000	9768039.93480033
modeloB	819	10163333.3333333	9768522.58852259
modeloB	820	7216666.66666667	9765410.56910569
modeloB	821	11393333.3333333	9767393.4226553
modeloB	822	8970000	9766423.35766423
modeloB	823	9623333.33333333	9766249.49372215
modeloB	824	7436666.66666667	9763422.33009709
modeloB	825	9166666.66666667	9762698.98989899
modeloB	826	11513333.3333333	9764818.40193705
modeloB	827	8943333.33333333	9763825.07053608
modeloB	828	11173333.3333333	9765527.37520129
modeloB	829	8233333.33333333	9763679.13148371
modeloB	830	9800000	9763722.89156627
modeloB	831	8550000	9762262.3345367
modeloB	832	9506666.66666667	9761955.12820513
modeloB	833	8566666.66666667	9760520.20808323
modeloB	834	9246666.66666667	9759904.07673861
modeloB	835	9740000	9759880.23952096
modeloB	836	9313333.33333333	9759346.09250399
modeloB	837	9606666.66666667	9759163.67980884
modeloB	838	11676666.6666667	9761451.86953063
modeloB	839	10316666.6666667	9762113.62733413
modeloB	840	10350000	9762813.49206349
modeloB	841	7793333.33333333	9760471.66072136
modeloB	842	9806666.66666667	9760526.52414885
modeloB	843	11480000	9762566.23171214
modeloB	844	9e+06	9761662.71721959
modeloB	845	8166666.66666667	9759775.14792899
modeloB	846	12596666.6666667	9763128.44759653
modeloB	847	8853333.33333333	9762054.30932704
modeloB	848	9810000	9762110.8490566
modeloB	849	10153333.3333333	9762571.65292501
modeloB	850	9390000	9762133.33333333
modeloB	851	9180000	9761449.27536232
modeloB	852	10650000	9762492.17527386
modeloB	853	8166666.66666667	9760621.33645955
modeloB	854	9586666.66666667	9760417.64246682
modeloB	855	10700000	9761516.56920078
modeloB	856	8770000	9760358.25545171
modeloB	857	10386666.6666667	9761089.07040062
modeloB	858	8840000	9760015.54001554
modeloB	859	7596666.66666667	9757497.08963912
modeloB	860	10060000	9757848.8372093
modeloB	861	9040000	9757015.09872242
modeloB	862	9430000	9756635.73085847
modeloB	863	9710000	9756581.69177288
modeloB	864	11723333.3333333	9758858.02469136
modeloB	865	9473333.33333333	9758527.93834297
modeloB	866	6966666.66666667	9755304.08006159
modeloB	867	10623333.3333333	9756305.26720492
modeloB	868	10016666.6666667	9756605.22273425
modeloB	869	9970000	9756850.78634446
modeloB	870	7450000	9754199.23371648
modeloB	871	13313333.3333333	9758285.49559893
modeloB	872	10660000	9759319.57186544
modeloB	873	9606666.66666667	9759144.71172203
modeloB	874	8276666.66666667	9757448.51258581
modeloB	875	9080000	9756674.28571429
modeloB	876	11276666.6666667	9758409.43683409
modeloB	877	10610000	9759380.46370202
modeloB	878	10763333.3333333	9760523.91799544
modeloB	879	10983333.3333333	9761915.05498673
modeloB	880	8826666.66666667	9760852.27272727
modeloB	881	10183333.3333333	9761331.81990163
modeloB	882	11450000	9763246.40967498
modeloB	883	9116666.66666667	9762514.15628539
modeloB	884	10200000	9763009.04977376
modeloB	885	8490000	9761570.62146893
modeloB	886	9866666.66666667	9761689.2400301
modeloB	887	10250000	9762239.75948892
modeloB	888	9196666.66666667	9761602.85285285
modeloB	889	11043333.3333333	9763044.61942257
modeloB	890	9136666.66666667	9762340.82397004
modeloB	891	10026666.6666667	9762637.48597082
modeloB	892	8270000	9760964.12556054
modeloB	893	9503333.33333333	9760675.6252333
modeloB	894	9693333.33333333	9760600.29828486
modeloB	895	10660000	9761605.2141527
modeloB	896	9696666.66666667	9761532.73809524
modeloB	897	9806666.66666667	9761583.05462653
modeloB	898	7376666.66666667	9758927.24573126
modeloB	899	10006666.6666667	9759202.81794587
modeloB	900	8290000	9757570.37037037
modeloB	901	9213333.33333333	9756966.33370329
modeloB	902	8276666.66666667	9755325.20325203
modeloB	903	9523333.33333333	9755068.29088225
modeloB	904	9516666.66666667	9754804.57227139
modeloB	905	10583333.3333333	9755720.07366483
modeloB	906	11976666.6666667	9758171.44959529
modeloB	907	10913333.3333333	9759445.05696435
modeloB	908	8646666.66666667	9758219.53010279
modeloB	909	10956666.6666667	9759537.95379538
modeloB	910	7173333.33333333	9756695.97069597
modeloB	911	9893333.33333333	9756845.956824
modeloB	912	8623333.33333333	9755603.07017544
modeloB	913	11003333.3333333	9756969.6969697
modeloB	914	10550000	9757837.34500365
modeloB	915	10500000	9758648.45173042
modeloB	916	9813333.33333333	9758708.15138282
modeloB	917	11793333.3333333	9760926.93565976
modeloB	918	8786666.66666667	9759865.64996369
modeloB	919	10303333.3333333	9760457.01849837
modeloB	920	10850000	9761641.30434783
modeloB	921	8640000	9760423.45276873
modeloB	922	11376666.6666667	9762176.42805496
modeloB	923	7516666.66666667	9759743.58974359
modeloB	924	10543333.3333333	9760591.63059163
modeloB	925	10390000	9761272.07207207
modeloB	926	10776666.6666667	9762368.61051116
modeloB	927	8200000	9760683.20747932
modeloB	928	10240000	9761199.71264368
modeloB	929	9166666.66666667	9760559.7416577
modeloB	930	7903333.33333333	9758562.72401434
modeloB	931	6566666.66666667	9755134.26423201
modeloB	932	10856666.6666667	9756316.16595136
modeloB	933	10083333.3333333	9756666.66666667
modeloB	934	7593333.33333333	9754350.46395432
modeloB	935	7426666.66666667	9751860.96256684
modeloB	936	9956666.66666667	9752079.77207977
modeloB	937	9646666.66666667	9751967.27143365
modeloB	938	10710000	9752988.62828714
modeloB	939	8310000	9751451.89918353
modeloB	940	9360000	9751035.46099291
modeloB	941	10523333.3333333	9751856.18136734
modeloB	942	9463333.33333333	9751549.89384289
modeloB	943	12540000	9754506.89289502
modeloB	944	11380000	9756228.81355932
modeloB	945	10493333.3333333	9757008.81834215
modeloB	946	9866666.66666667	9757124.73572939
modeloB	947	13170000	9760728.61668426
modeloB	948	7660000	9758512.65822785
modeloB	949	8413333.33333333	9757095.18791711
modeloB	950	6573333.33333333	9753743.85964912
modeloB	951	11266666.6666667	9755334.73536628
modeloB	952	9620000	9755192.57703081
modeloB	953	8060000	9753413.78104232
modeloB	954	11516666.6666667	9755262.05450734
modeloB	955	11266666.6666667	9756844.67713787
modeloB	956	9750000	9756837.51743375
modeloB	957	8750000	9755785.44061303
modeloB	958	10503333.3333333	9756565.76200418
modeloB	959	8846666.66666667	9755616.96211331
modeloB	960	8820000	9754642.36111111
modeloB	961	6313333.33333333	9751061.39438085
modeloB	962	8823333.33333333	9750097.02009702
modeloB	963	8353333.33333333	9748646.59051575
modeloB	964	7700000	9746521.4384509
modeloB	965	9190000	9745944.73229706
modeloB	966	11170000	9747418.90959282
modeloB	967	6836666.66666667	9744408.82454326
modeloB	968	8360000	9742978.65013774
modeloB	969	8953333.33333333	9742163.74269006
modeloB	970	6106666.66666667	9738415.80756014
modeloB	971	9226666.66666667	9737888.77445932
modeloB	972	7990000	9736090.53497942
modeloB	973	7476666.66666667	9733768.41384036
modeloB	974	9826666.66666667	9733863.79192334
modeloB	975	10176666.6666667	9734317.94871795
modeloB	976	9326666.66666667	9733900.27322404
modeloB	977	9300000	9733456.15830775
modeloB	978	9260000	9732972.05180641
modeloB	979	10893333.3333333	9734157.30337079
modeloB	980	12446666.6666667	9736925.17006803
modeloB	981	7936666.66666667	9735090.04417261
modeloB	982	6840000	9732141.88730482
modeloB	983	11500000	9733940.31875212
modeloB	984	9273333.33333333	9733472.22222222
modeloB	985	10186666.6666667	9733932.31810491
modeloB	986	9823333.33333333	9734022.98850575
modeloB	987	9243333.33333333	9733525.83586626
modeloB	988	8486666.66666667	9732263.83265857
modeloB	989	10623333.3333333	9733164.81294236
modeloB	990	10863333.3333333	9734306.3973064
modeloB	991	10203333.3333333	9734779.68382106
modeloB	992	8203333.33333333	9733235.88709677
modeloB	993	7310000	9730795.56898288
modeloB	994	9046666.66666667	9730107.31052985
modeloB	995	9776666.66666667	9730154.1038526
modeloB	996	8183333.33333333	9728601.07095047
modeloB	997	7333333.33333333	9726198.59578736
modeloB	998	9106666.66666667	9725577.82231129
modeloB	999	8236666.66666667	9724087.42075409
modeloB	1000	9336666.66666667	9723700
