fecha	verbose	objective	metric	first_metric_only	boost_from_average	feature_pre_filter	verbosity	seed	max_depth	min_gain_to_split	max_bin	num_iterations	force_row_wise	learning_rate	feature_fraction	min_data_in_leaf	num_leaves	prob_corte	lambda_l1	lambda_l2	ganancia	iteracion
20220419 095050	-1	binary	custom	TRUE	TRUE	FALSE	-100	295873	-1	0	31	69	TRUE	0.0964391877797399	0.438484994388585	2965	29	0.037592050932151	48.904769471015	31.9381641531696	9471000	1
20220419 095104	-1	binary	custom	TRUE	TRUE	FALSE	-100	295873	-1	0	31	58	TRUE	0.168784292825647	0.509373326280287	4674	35	0.0252881019604891	24.8308220745197	50.9436123937901	11555000	2
20220419 095111	-1	binary	custom	TRUE	TRUE	FALSE	-100	295873	-1	0	31	25	TRUE	0.15529017753342	0.876540345592158	5686	19	0.0280020817242552	41.6348021660399	18.1730520778469	10853000	3
20220419 095131	-1	binary	custom	TRUE	TRUE	FALSE	-100	295873	-1	0	31	115	TRUE	0.0625099078072734	0.624592095373997	2745	23	0.0323338660571608	51.3065402944838	69.2299403108856	10545000	4
20220419 095138	-1	binary	custom	TRUE	TRUE	FALSE	-100	295873	-1	0	31	1	TRUE	0.178815246171434	0.758072669424915	2094	26	0.0407253116859162	84.1778959754655	37.5264738046099	0	5
20220419 095149	-1	binary	custom	TRUE	TRUE	FALSE	-100	295873	-1	0	31	65	TRUE	0.119344187436675	0.660429962711143	6932	53	0.020943118709935	90.3482911043933	74.2934732365289	10602000	6
20220419 095205	-1	binary	custom	TRUE	TRUE	FALSE	-100	295873	-1	0	31	35	TRUE	0.154421545882443	0.29868696496955	2316	16	0.017852771651884	85.8655823244979	32.2383944602084	10808000	7
20220419 095236	-1	binary	custom	TRUE	TRUE	FALSE	-100	295873	-1	0	31	86	TRUE	0.0904504920452434	0.409399759223951	5173	21	0.0199354737770461	1.64371565666183	26.9218083604106	12832000	8
20220419 095304	-1	binary	custom	TRUE	TRUE	FALSE	-100	295873	-1	0	31	198	TRUE	0.0788989592406766	0.706026961707643	7968	14	0.0268389009089636	32.1596864619226	96.3033108273521	11814000	9
20220419 095313	-1	binary	custom	TRUE	TRUE	FALSE	-100	295873	-1	0	31	1	TRUE	0.192920061656457	0.270666984448742	5892	51	0.0433879001428501	60.9006592721146	77.1593799373867	0	10
20220419 095326	-1	binary	custom	TRUE	TRUE	FALSE	-100	295873	-1	0	31	10	TRUE	0.112699044958406	0.210804980953357	1859	41	0.0102180207259066	36.4859588103302	63.0720607961328	12091000	11
20220419 095343	-1	binary	custom	TRUE	TRUE	FALSE	-100	295873	-1	0	31	79	TRUE	0.126513031126067	0.813628745651139	3535	33	0.016388306505299	31.9487654038572	45.8443879790138	11587000	12
20220419 095354	-1	binary	custom	TRUE	TRUE	FALSE	-100	295873	-1	0	31	1	TRUE	0.213073242163851	0.591510376693415	4436	7	0.0361280680010428	96.5650835664876	88.0501739730659	0	13
20220419 095417	-1	binary	custom	TRUE	TRUE	FALSE	-100	295873	-1	0	31	1	TRUE	0.0383619490329043	0.31832592503966	1693	2	0.0452246556502013	54.730813988551	41.0758580921018	0	14
20220419 095425	-1	binary	custom	TRUE	TRUE	FALSE	-100	295873	-1	0	31	1	TRUE	0.246827835652844	0.984139731526375	6280	32	0.0411412647090315	64.3244424460655	81.0977599600197	0	15
20220419 095435	-1	binary	custom	TRUE	TRUE	FALSE	-100	295873	-1	0	31	25	TRUE	0.278015145655871	0.914833786484919	4259	43	0.0339776318982504	20.7680528010574	14.6491255236989	10450000	16
20220419 095454	-1	binary	custom	TRUE	TRUE	FALSE	-100	295873	-1	0	31	63	TRUE	0.206454891122162	0.352429262329159	729	3	0.0230454730611416	27.1645980887115	1.4971931614647	10972000	17
20220419 095504	-1	binary	custom	TRUE	TRUE	FALSE	-100	295873	-1	0	31	24	TRUE	0.263251179731617	0.73336303576694	923	44	0.0318715167015658	80.1738634422821	99.679555957638	10189000	18
20220419 095517	-1	binary	custom	TRUE	TRUE	FALSE	-100	295873	-1	0	31	33	TRUE	0.235022539362794	0.232035862860669	3406	56	0.0304718131847386	93.9879416288542	10.3360101090012	6325000	19
20220419 095532	-1	binary	custom	TRUE	TRUE	FALSE	-100	295873	-1	0	31	16	TRUE	0.226251973391793	0.457750605213057	4922	9	0.0117258157065537	44.5173986014977	92.0179440298982	12008000	20
20220419 095736	-1	binary	custom	TRUE	TRUE	FALSE	-100	295873	-1	0	31	897	TRUE	0.0298961014184169	0.90314531231166	6848	59	0.0138070511455659	12.7280722372234	67.1074696575358	12755000	21
20220419 095840	-1	binary	custom	TRUE	TRUE	FALSE	-100	295873	-1	0	31	151	TRUE	0.0493374914003237	0.5395811138342	1273	49	0.0475471288659416	59.6890697338884	6.77950327351157	2855000	22
20220419 095855	-1	binary	custom	TRUE	TRUE	FALSE	-100	295873	-1	0	31	48	TRUE	0.255363505089772	0.843757460845102	3809	57	0.00976495687777753	77.1290087598443	46.5657241434591	10831000	23
20220419 095932	-1	binary	custom	TRUE	TRUE	FALSE	-100	295873	-1	0	31	102	TRUE	0.138375578079306	0.645468096162326	7419	39	0.0489152439205403	3.7709249915289	53.9605804502831	7417000	24
20220419 095941	-1	binary	custom	TRUE	TRUE	FALSE	-100	295873	-1	0	31	1	TRUE	0.287398338583631	0.950387198823903	7697	6	0.0456156636891094	69.4258262045748	10.91981335277	0	25
20220419 100036	-1	binary	custom	TRUE	TRUE	FALSE	-100	295873	-1	0	31	269	TRUE	0.054155392050161	0.782377767369949	9	13	0.0245723585642519	16.6466003325435	85.0830434721762	12057000	26
20220419 100306	-1	binary	custom	TRUE	TRUE	FALSE	-100	295873	-1	0	31	295	TRUE	0.0122492674189354	0.55776764881531	6326	28	0.0150671249605477	74.3793438837331	24.7361607999275	10997000	27
20220419 100332	-1	binary	custom	TRUE	TRUE	FALSE	-100	295873	-1	0	31	26	TRUE	0.293831303480713	0.372511871638043	299	46	0.0394991439546824	9.74946292948776	60.0187033680933	10151000	28
20220419 100455	-1	binary	custom	TRUE	TRUE	FALSE	-100	295873	-1	0	31	274	TRUE	0.0375400707809967	0.281601499847787	7063	24	0.0145028305796414	2.26359588366183	93.1204693031874	13027000	29
20220419 100838	-1	binary	custom	TRUE	TRUE	FALSE	-100	295873	-1	0	31	718	TRUE	0.0196464538550065	0.455923603345136	7809	34	0.019627381080288	9.66226053099668	95.0775558661833	12890000	30
20220419 101005	-1	binary	custom	TRUE	TRUE	FALSE	-100	295873	-1	0	31	152	TRUE	0.0338021299104958	0.341159350842214	96	33	0.0341220533003646	8.04923778615779	28.6477711172804	10634000	31
20220419 101105	-1	binary	custom	TRUE	TRUE	FALSE	-100	295873	-1	0	31	245	TRUE	0.0633054579676661	0.349205247523458	6158	16	0.0195010175856507	22.8883788563123	93.5742516919265	12305000	32
20220419 101203	-1	binary	custom	TRUE	TRUE	FALSE	-100	295873	-1	0	31	169	TRUE	0.0812113643171946	0.510452654431265	7658	27	0.0113958558051309	2.42369620668133	34.8172062652065	12336000	33
20220419 101230	-1	binary	custom	TRUE	TRUE	FALSE	-100	295873	-1	0	31	65	TRUE	0.164142879971463	0.385937660695108	6844	48	0.0137810843958188	3.77000753660531	96.4611188480482	12609000	34
20220419 102038	-1	binary	custom	TRUE	TRUE	FALSE	-100	295873	-1	0	31	1605	TRUE	0.0102024701512008	0.624180937101762	2882	40	0.0128972028403142	2.28901304530103	95.6674990004194	13301000	35
20220419 102456	-1	binary	custom	TRUE	TRUE	FALSE	-100	295873	-1	0	31	718	TRUE	0.0153826124320062	0.608238190903461	2602	52	0.0183450174144588	0.106639837684183	99.0433812014812	12926000	36
20220419 102532	-1	binary	custom	TRUE	TRUE	FALSE	-100	295873	-1	0	31	56	TRUE	0.095712833328223	0.498676059846695	878	18	0.0134568665740012	0.0399574153060025	81.4226446838309	13066000	37
20220419 102808	-1	binary	custom	TRUE	TRUE	FALSE	-100	295873	-1	0	31	676	TRUE	0.0166373907701891	0.891660446281917	6546	10	0.0179006597067012	0.0678524726256379	90.7945059807454	13033000	38
20220419 102824	-1	binary	custom	TRUE	TRUE	FALSE	-100	295873	-1	0	31	35	TRUE	0.267087061488631	0.641025104957661	36	53	0.028126433732686	48.4357611522499	98.6891007626107	11128000	39
20220419 103013	-1	binary	custom	TRUE	TRUE	FALSE	-100	295873	-1	0	31	336	TRUE	0.0256311105766228	0.783099104531683	6128	17	0.0222824052986137	0.16882521387369	82.1669579976539	12305000	40
20220419 103642	-1	binary	custom	TRUE	TRUE	FALSE	-100	295873	-1	0	31	1271	TRUE	0.0101763273221975	0.526990275039562	3918	12	0.015659487446959	4.12869680877916	70.1003194939491	13029000	41
20220419 103714	-1	binary	custom	TRUE	TRUE	FALSE	-100	295873	-1	0	31	62	TRUE	0.0514584606980235	0.982227611257697	2725	11	0.0104313748362292	9.53993841366102	99.9661196710655	12374000	42
20220419 103851	-1	binary	custom	TRUE	TRUE	FALSE	-100	295873	-1	0	31	313	TRUE	0.0344979480342553	0.693594012314081	5899	35	0.0148833575536491	0.0318491649086007	84.1185332443239	13146000	43
20220419 104015	-1	binary	custom	TRUE	TRUE	FALSE	-100	295873	-1	0	31	187	TRUE	0.0484352667062564	0.612219601548517	2785	23	0.0177995041656064	0.145554531233657	98.9748960351048	13073000	44
20220419 104310	-1	binary	custom	TRUE	TRUE	FALSE	-100	295873	-1	0	31	236	TRUE	0.0228027539735344	0.415292672413821	4	50	0.0134225399898675	11.6748090969528	99.7303956121036	12794000	45
20220419 104814	-1	binary	custom	TRUE	TRUE	FALSE	-100	295873	-1	0	31	850	TRUE	0.0167270749054532	0.276019218339958	3123	50	0.0134697257019644	0.111791280825007	38.999969026243	13156000	46
20220419 105116	-1	binary	custom	TRUE	TRUE	FALSE	-100	295873	-1	0	31	365	TRUE	0.017226774332338	0.877099568752599	1076	34	0.0181451118611694	0.0712535755461311	22.4180513415325	13051000	47
20220419 105552	-1	binary	custom	TRUE	TRUE	FALSE	-100	295873	-1	0	31	583	TRUE	0.0108334480951692	0.223513553162749	300	29	0.0180776732534274	0.0163947615069201	48.7080457402285	12868000	48
20220419 105733	-1	binary	custom	TRUE	TRUE	FALSE	-100	295873	-1	0	31	193	TRUE	0.0655019883376459	0.931327274756021	1371	50	0.0126644782691897	0.0991263256240025	71.8414741588639	13272000	49
20220419 110228	-1	binary	custom	TRUE	TRUE	FALSE	-100	295873	-1	0	31	443	TRUE	0.0115022476664542	0.712742347530856	1490	42	0.0136315455571478	0.0499327341792598	55.5503342311156	13408000	50
20220419 110317	-1	binary	custom	TRUE	TRUE	FALSE	-100	295873	-1	0	31	84	TRUE	0.0528711402898496	0.940756065611217	36	10	0.0173388332994566	0.061526260187152	13.9599352813039	12703000	51
20220419 111248	-1	binary	custom	TRUE	TRUE	FALSE	-100	295873	-1	0	31	680	TRUE	0.0104577864152271	0.631571483260407	125	60	0.0120148492457635	0.312705188470834	2.06705739558887	13367000	52
20220419 111512	-1	binary	custom	TRUE	TRUE	FALSE	-100	295873	-1	0	31	40	TRUE	0.0277576873548468	0.558652042499049	648	60	0.00847549304010168	0.0624904043553189	35.5327091793089	12771000	53
20220419 111913	-1	binary	custom	TRUE	TRUE	FALSE	-100	295873	-1	0	31	164	TRUE	0.0137622255280587	0.531134840740077	225	33	0.0120267465741874	0.0279685584487786	25.4592692964639	13270000	54
20220419 112549	-1	binary	custom	TRUE	TRUE	FALSE	-100	295873	-1	0	31	476	TRUE	0.0105602670303764	0.729500223171816	2241	50	0.011701823945216	0.0758615998063606	9.10058176903989	13225000	55
20220419 112643	-1	binary	custom	TRUE	TRUE	FALSE	-100	295873	-1	0	31	51	TRUE	0.262193636419655	0.660235253180139	354	60	0.0120394185218819	0.226950151332781	29.2114595500965	12707000	56
20220419 113019	-1	binary	custom	TRUE	TRUE	FALSE	-100	295873	-1	0	31	225	TRUE	0.0425509774944802	0.5327836198266	1242	60	0.0127135584652521	0.237182613420873	30.8002598474707	13139000	57
20220419 113143	-1	binary	custom	TRUE	TRUE	FALSE	-100	295873	-1	0	31	59	TRUE	0.0622967125759955	0.490677004741633	11	44	0.0144375756644344	0.0997249058034111	0.562266637278712	12639000	58
20220419 113836	-1	binary	custom	TRUE	TRUE	FALSE	-100	295873	-1	0	31	758	TRUE	0.0109240401669458	0.965358482731648	9	34	0.0123684158704027	0.0337670075531217	90.0719028821867	12928000	59
20220419 114043	-1	binary	custom	TRUE	TRUE	FALSE	-100	295873	-1	0	31	167	TRUE	0.0616939639759643	0.310983430117743	212	46	0.0111500973173831	0.152204602897934	71.9229167928746	12905000	60
20220419 114742	-1	binary	custom	TRUE	TRUE	FALSE	-100	295873	-1	0	31	597	TRUE	0.0126035872483921	0.798751446423829	17	47	0.0118106909777331	8.6504159033824	40.8842979231261	12895000	61
20220419 114827	-1	binary	custom	TRUE	TRUE	FALSE	-100	295873	-1	0	31	93	TRUE	0.0986112692793337	0.203316029367095	2908	6	0.0120596871104612	0.100948813618999	19.5676853924166	12542000	62
20220419 114859	-1	binary	custom	TRUE	TRUE	FALSE	-100	295873	-1	0	31	25	TRUE	0.246957499004028	0.997550301220195	2705	19	0.0189131569689604	0.654493257557169	70.6192310725698	13010000	63
20220419 114939	-1	binary	custom	TRUE	TRUE	FALSE	-100	295873	-1	0	31	27	TRUE	0.289392836978123	0.995654998924254	4641	21	0.0133148532901944	0.0304880891309302	99.2437017984002	12419000	64
20220419 115312	-1	binary	custom	TRUE	TRUE	FALSE	-100	295873	-1	0	31	557	TRUE	0.0254211454945274	0.894289227984261	16	36	0.0210979905583594	70.5537629765357	99.9737427980182	11198000	65
20220419 115419	-1	binary	custom	TRUE	TRUE	FALSE	-100	295873	-1	0	31	112	TRUE	0.160784372781995	0.982385786579348	7980	52	0.018804258237174	0.177604039102483	60.1182709472772	12587000	66
20220419 120127	-1	binary	custom	TRUE	TRUE	FALSE	-100	295873	-1	0	31	579	TRUE	0.0106417415481804	0.369321940572391	7079	31	0.0178530316016437	0.124290271293205	57.6957930153375	13014000	67
20220419 120226	-1	binary	custom	TRUE	TRUE	FALSE	-100	295873	-1	0	31	136	TRUE	0.115303277030742	0.952227291350848	810	21	0.0197825523829912	0.0681410204001429	63.7929914337855	12643000	68
20220419 120304	-1	binary	custom	TRUE	TRUE	FALSE	-100	295873	-1	0	31	56	TRUE	0.299202453118884	0.376209743223961	3026	14	0.0183543876401036	0.123071269779346	51.3226455951716	12692000	69
20220419 120327	-1	binary	custom	TRUE	TRUE	FALSE	-100	295873	-1	0	31	124	TRUE	0.244474607681913	0.891029065032406	7997	2	0.0176951004213623	0.527110229306036	93.5872886999121	12877000	70
20220419 120531	-1	binary	custom	TRUE	TRUE	FALSE	-100	295873	-1	0	31	156	TRUE	0.0119036920940441	0.254540934386424	7748	4	0.00833773341715745	58.5581879604071	97.7854698071773	11417000	71
20220419 120547	-1	binary	custom	TRUE	TRUE	FALSE	-100	295873	-1	0	31	27	TRUE	0.263991278445425	0.868389333729653	7094	4	0.0190749530894233	0.259215295784482	0.0259859930282476	12570000	72
20220419 120611	-1	binary	custom	TRUE	TRUE	FALSE	-100	295873	-1	0	31	37	TRUE	0.263197460311308	0.680294083800525	260	8	0.00834040068113203	0.0227575225183665	68.2096089050885	11959000	73
