Feature	Gain	Cover	Frequency
ctrx_quarter	0.163674045344245	0.0306410928341252	0.0278728606356968
mpasivos_margen	0.084870293183878	0.0229636891118031	0.0304924903946909
cpayroll_trx	0.0838282572555651	0.0234257285256867	0.00778903248340901
mpayroll	0.0509198505160847	0.0430836038922247	0.0169752008382815
mtarjeta_visa_consumo	0.0445423846636446	0.0170629861996382	0.0183374083129584
mcaja_ahorro	0.0389841156230715	0.0160563730954061	0.0238910234020258
mcuentas_saldo	0.0366193913425011	0.0286858284208362	0.0342996856444289
mactivos_margen	0.0322128111281514	0.0281583363311083	0.0265805099545931
Visa_msaldototal	0.0303185524343392	0.0118669706577618	0.0151239958085924
mprestamos_personales	0.0264619955753432	0.0243263315241338	0.0103737338456165
mrentabilidad_annual	0.023801295607913	0.0175665563220855	0.0296891372685994
ctarjeta_visa_trx	0.0203190853562687	0.0138622441750069	0.0169402724414949
Visa_msaldopesos	0.0179590812301167	0.0220855276004776	0.0192804750261963
cliente_edad	0.0166463719230734	0.0255451243529496	0.0333566189311911
Master_fechaalta	0.0162567809269083	0.0324227846569392	0.0376877401327279
mcuenta_corriente	0.0136537583343078	0.0133778692006123	0.0201187565490744
Visa_fechaalta	0.0118902598219476	0.0133265433960481	0.0250087320991966
chomebanking_trx	0.0118331275486037	0.0151418376321644	0.0216206776108977
Master_Fvencimiento	0.0113120731560295	0.0180413605156552	0.0250436604959832
mrentabilidad	0.0109310530388982	0.0125954217285126	0.0172196996157876
mcomisiones_otras	0.00987772801541906	0.0127796168887469	0.0166608452672022
Visa_mpagominimo	0.00909262526853125	0.0125837099839563	0.0169053440447083
Visa_Fvencimiento	0.00886401731292167	0.0116014064137803	0.0207125392944464
Master_mfinanciacion_limite	0.00877816168730314	0.00926106138476375	0.0178134823611596
numero_de_cliente	0.00870257320614655	0.00961880670395562	0.0185819070904645
cliente_antiguedad	0.00857938520373375	0.0109140760533001	0.0162766329025498
Visa_mpagospesos	0.0074954002025942	0.0101176001593585	0.0175340551868669
mcomisiones	0.00731417951987789	0.00872572574106304	0.013971358714635
ccomisiones_otras	0.0069972206476564	0.0184595724828163	0.0171149144254279
mcaja_ahorro_dolares	0.00692317908389151	0.0228471287155932	0.0226685295144953
thomebanking	0.00673583351279399	0.00549493669866247	0.00544882989870765
cproductos	0.00660709011503449	0.00958930676597565	0.0108278030038421
Visa_mconsumospesos	0.00648781186017642	0.00901833865663362	0.0149493538246594
cprestamos_personales	0.006259794138116	0.00643009046512643	0.00268948655256724
ccomisiones_mantenimiento	0.00611859713397331	0.00601879488254586	0.00509954593084178
mcomisiones_mantenimiento	0.00587708088845483	0.00727702481161996	0.00862731400628711
Visa_mfinanciacion_limite	0.00585097603320878	0.0119136631077548	0.0145302130632204
mtransferencias_emitidas	0.00558805076080301	0.0118460034198219	0.0151938526021656
Master_status	0.00548455033845451	0.0188554189807763	0.00415647921760391
ctransferencias_recibidas	0.00525688781220486	0.0143938075851716	0.0107230178134824
mtransferencias_recibidas	0.0048401303409011	0.00629239210220413	0.0119804400977995
Visa_mlimitecompra	0.00449243460511258	0.0110895042287554	0.00988473629060426
Master_mlimitecompra	0.00436058499457744	0.00670918839136815	0.0100593782745372
Visa_cconsumos	0.00406755043238105	0.00515211955440563	0.0101990918616836
mtarjeta_visa_debitos_automaticos	0.00405646433743696	0.00973355388582954	0.0110373733845616
ccallcenter_trx	0.00405037536751615	0.00852929169560981	0.00380719524973804
Master_mpagominimo	0.00402378911343162	0.00836439137906185	0.00681103737338456
tcallcenter	0.00398545958321235	0.00514490159053355	0.00286412853650017
ctransferencias_emitidas	0.00398167025750557	0.013168094633189	0.00873209919664688
mautoservicio	0.00381031362968692	0.0145561444777408	0.0172895564093608
ccaja_ahorro	0.00380979577819821	0.026209416298702	0.00806845965770171
Visa_mpagado	0.00374451516971296	0.015248802323641	0.00929095354523227
mpagomiscuentas	0.00370477340869895	0.0102168932718302	0.0104086622424031
Master_mpagospesos	0.00339882503435083	0.0155899819671161	0.0107230178134824
mdescubierto_preacordado	0.0032108410507375	0.0087433731144043	0.00300384212364652
mplazo_fijo_dolares	0.00293877374775397	0.020756232131388	0.00394690883688439
mcuenta_debitos_automaticos	0.00289818394080244	0.0069599515723475	0.00764931889626266
ccuenta_debitos_automaticos	0.002796054631887	0.0085445987139525	0.0053091163115613
Master_msaldopesos	0.00259439911469373	0.004606871672335	0.00495983234369543
Visa_mconsumototal	0.00248103591487135	0.00347484893821627	0.00628711142158575
ctarjeta_visa_debitos_automaticos	0.0024770586511239	0.00652022404126183	0.00527418791477471
mextraccion_autoservicio	0.0024119340693748	0.00574896491164197	0.0100593782745372
Master_msaldototal	0.00226322896327946	0.00297850425681351	0.00398183723367097
ccajas_consultas	0.00213163291005255	0.0135404378855296	0.00268948655256724
ctarjeta_debito_trx	0.00200680278623665	0.00799770336153675	0.0141460006985679
ctarjeta_debito	0.00176650513398512	0.00406829965912879	0.00464547677261614
Visa_status	0.00162800940655385	0.00792913270475195	0.00153684945860985
ctarjeta_master	0.00160190875175224	0.000519665982490842	0.000663639538945162
ccaja_seguridad	0.00149978399789185	0.00986469726084315	0.00258470136220747
cmobile_app_trx	0.00147406279735927	0.00193539258112326	0.00317848410757946
Visa_mconsumosdolares	0.00146805764090968	0.0025267222774311	0.00461054837582955
Master_mconsumospesos	0.00143603299555787	0.00373218206144936	0.00482011875654907
Visa_mpagosdolares	0.00138797628864026	0.00721912657241122	0.00551868669228082
cpagomiscuentas	0.00130706365031581	0.00338078361553107	0.00356269647223192
cextraccion_autoservicio	0.00109670381936148	0.00208756425765232	0.00443590639189661
cseguro_accidentes_personales	0.000942150336906177	0.00615172530179161	0.00227034579112819
Master_fultimo_cierre	0.000830949796069668	0.00138949667743427	0.0025148445686343
ccajas_trx	0.000820946552279262	0.00248437655706276	0.00097799511002445
Visa_fultimo_cierre	0.000721072013856009	0.0012782213960002	0.00209570380719525
matm	0.000714451653012713	0.00164551007971769	0.00317848410757946
Visa_Finiciomora	0.000673315142416994	0.00805953833207697	0.00150192106182326
Master_mconsumototal	0.000627788361848267	0.00159762252831703	0.00185120502968914
ccajas_extracciones	0.000603831308974726	0.000585506225110635	0.000593782745371987
Master_cconsumos	0.000550210735029086	0.00194766885220473	0.00338805448829899
active_quarter	0.000537824723931504	0.00024361001926911	0.000593782745371987
ctarjeta_master_trx	0.000422597744449477	0.000597858514112724	0.00118756549074397
mtarjeta_master_consumo	0.000411767070433793	0.00115494026789077	0.00122249388753056
mtarjeta_visa_descuentos	0.000393320814451809	0.00632957732733864	0.00380719524973804
Visa_msaldodolares	0.000379898673038871	0.00142377702104499	0.00146699266503668
catm_trx	0.000323882349950367	0.00163741354807457	0.00104785190359763
Master_mpagado	0.000293953423508765	0.00476038425513588	0.00118756549074397
tcuentas	0.000202456014517736	0.00263615069725288	0.000593782745371987
cplazo_fijo	0.000180613494220775	0.00180653223611891	0.000454069158225637
catm_trx_other	0.000165745333868593	0.000909862230417009	0.00041914076143905
Visa_delinquency	0.000165217285482536	0.000351695040428231	0.000244498777506112
ctarjeta_visa	0.000161538655209361	0.000387192916964198	0.000314355571079288
Master_mpagosdolares	0.000137659965397785	0.000859643047385715	0.00230527418791477
Master_mconsumosdolares	0.000129983449186074	0.000238635207152853	0.000593782745371987
matm_other	0.000113946410584859	0.000939592714549661	0.000523925951798813
ctarjeta_master_debitos_automaticos	7.18134986229787e-05	0.000614727015316545	0.000244498777506112
mttarjeta_master_debitos_automaticos	6.61992546737246e-05	0.000220227654605449	0.000244498777506112
internet	5.25670574551643e-05	0.000410961602208029	0.000104785190359763
Master_msaldodolares	4.02649043008448e-05	5.34044585245696e-05	0.000104785190359763
ctarjeta_visa_descuentos	3.31182666633591e-05	0.000769723816862536	0.000593782745371987
Master_madelantopesos	2.97896945250545e-05	0.000400124686836543	0.000943066713237863
cseguro_vida	2.2382883307456e-05	0.000228892451360043	0.000174641983932937
Master_cadelantosefectivo	1.99274925677266e-05	0.000164067858007472	0.000454069158225637
minversion2	1.02344089736505e-05	0.000191950234332406	3.49283967865875e-05
Master_delinquency	7.2151004489312e-06	4.87287333090894e-05	3.49283967865875e-05
Visa_madelantopesos	6.64829654205364e-06	3.11536393021822e-05	0.000104785190359763
mforex_sell	6.25711341508003e-06	0.000210626965090508	0.00013971358714635
Visa_madelantodolares	1.65158462005745e-09	1.09328724188185e-05	3.49283967865875e-05
Master_madelantodolares	1.64412029341871e-13	4.95948391259228e-05	0.00013971358714635
cforex_sell	6.02403431864559e-14	3.8275646126934e-05	6.9856793573175e-05
cforex	1.96126676157262e-14	1.78230868954682e-05	3.49283967865875e-05
